Tarih;Saat;Acilis;Yuksek;Dusuk;Kapanis;Ortalama;Hacim;Lot
25.03.2026;15:13;2.40;2.41;2.40;2.40;2.41;1533695;0
25.03.2026;15:14;2.41;2.41;2.40;2.40;2.41;724810;0
25.03.2026;15:15;2.41;2.41;2.40;2.41;2.41;4330;0
25.03.2026;15:16;2.40;2.41;2.40;2.40;2.41;965846;0
25.03.2026;15:17;2.40;2.40;2.40;2.40;2.40;2160;0
25.03.2026;15:18;2.40;2.41;2.40;2.40;2.41;351850;0
25.03.2026;15:19;2.40;2.41;2.40;2.40;2.41;27713576;0
25.03.2026;15:20;2.41;2.41;2.40;2.40;2.41;8153638;0
25.03.2026;15:21;2.40;2.40;2.40;2.40;2.40;2455440;0
25.03.2026;15:22;2.41;2.41;2.40;2.40;2.41;2481338;0
25.03.2026;15:23;2.40;2.40;2.40;2.40;2.40;240;0
25.03.2026;15:24;2.40;2.41;2.40;2.41;2.41;447766;0
25.03.2026;15:25;2.41;2.41;2.40;2.40;2.41;2324618;0
25.03.2026;15:26;2.39;2.39;2.39;2.39;2.39;2390;0
25.03.2026;15:27;2.39;2.39;2.39;2.39;2.39;223943;0
25.03.2026;15:28;2.40;2.40;2.39;2.40;2.40;437125;0
25.03.2026;15:29;2.39;2.39;2.39;2.39;2.39;211754;0
25.03.2026;15:30;2.39;2.39;2.39;2.39;2.39;193351;0
25.03.2026;15:31;2.40;2.40;2.39;2.40;2.40;504860;0
25.03.2026;15:34;2.40;2.40;2.39;2.40;2.40;71927;0
25.03.2026;15:35;2.39;2.40;2.39;2.40;2.40;829692;0
25.03.2026;15:36;2.40;2.40;2.40;2.40;2.40;4800;0
25.03.2026;15:37;2.40;2.40;2.40;2.40;2.40;54960;0
25.03.2026;15:38;2.40;2.40;2.39;2.40;2.40;67846;0
25.03.2026;15:39;2.40;2.40;2.39;2.40;2.40;460915;0
25.03.2026;15:40;2.40;2.40;2.39;2.40;2.40;1123039;0
25.03.2026;15:41;2.40;2.40;2.39;2.40;2.40;1660330;0
25.03.2026;15:42;2.39;2.40;2.39;2.40;2.40;143649;0
25.03.2026;15:43;2.40;2.40;2.39;2.40;2.40;2621204;0
25.03.2026;15:44;2.39;2.40;2.39;2.40;2.40;1793515;0
25.03.2026;15:45;2.39;2.40;2.39;2.40;2.40;83660;0
25.03.2026;15:46;2.40;2.40;2.39;2.39;2.40;3079123;0
25.03.2026;15:47;2.39;2.40;2.39;2.39;2.40;1719353;0
25.03.2026;15:48;2.39;2.39;2.39;2.39;2.39;75763;0
25.03.2026;15:49;2.40;2.40;2.40;2.40;2.40;852480;0
25.03.2026;15:50;2.39;2.40;2.39;2.40;2.40;1376025;0
25.03.2026;15:51;2.40;2.40;2.40;2.40;2.40;828240;0
25.03.2026;15:52;2.40;2.40;2.39;2.39;2.40;688778;0
25.03.2026;15:53;2.40;2.40;2.39;2.39;2.40;2754228;0
25.03.2026;15:54;2.39;2.40;2.39;2.39;2.40;1732611;0
25.03.2026;15:55;2.40;2.40;2.39;2.39;2.40;493992;0
25.03.2026;15:56;2.40;2.40;2.39;2.39;2.40;1675880;0
25.03.2026;15:57;2.40;2.40;2.39;2.40;2.40;1733219;0
25.03.2026;15:58;2.40;2.40;2.39;2.39;2.40;813907;0
25.03.2026;15:59;2.40;2.40;2.39;2.40;2.40;1711692;0
25.03.2026;16:00;2.39;2.40;2.39;2.39;2.40;614688;0
25.03.2026;16:01;2.40;2.40;2.39;2.39;2.40;815582;0
25.03.2026;16:02;2.39;2.39;2.39;2.39;2.39;38479;0
25.03.2026;16:03;2.40;2.40;2.39;2.39;2.40;121401;0
25.03.2026;16:04;2.40;2.40;2.39;2.40;2.40;214871;0
25.03.2026;16:05;2.40;2.40;2.39;2.39;2.40;5112811;0
25.03.2026;16:06;2.38;2.39;2.38;2.39;2.39;10436044;0
25.03.2026;16:07;2.39;2.40;2.39;2.40;2.40;9736144;0
25.03.2026;16:08;2.40;2.41;2.40;2.40;2.41;10156848;0
25.03.2026;16:09;2.41;2.41;2.40;2.41;2.41;1340630;0
25.03.2026;16:10;2.40;2.41;2.40;2.40;2.41;158113;0
25.03.2026;16:11;2.40;2.40;2.40;2.40;2.40;42240;0
25.03.2026;16:12;2.40;2.41;2.40;2.40;2.41;5880545;0
25.03.2026;16:13;2.40;2.41;2.39;2.41;2.40;11156165;0
25.03.2026;16:14;2.41;2.41;2.40;2.41;2.41;135651;0
25.03.2026;16:15;2.41;2.41;2.40;2.40;2.41;5899765;0
25.03.2026;16:16;2.40;2.40;2.39;2.39;2.40;2806936;0
25.03.2026;16:17;2.39;2.40;2.39;2.40;2.40;283459;0
25.03.2026;16:18;2.39;2.40;2.39;2.40;2.40;585140;0
25.03.2026;16:19;2.40;2.41;2.40;2.41;2.41;14010543;0
25.03.2026;16:20;2.40;2.42;2.40;2.42;2.41;11545171;0
25.03.2026;16:21;2.42;2.42;2.41;2.42;2.42;1632042;0
25.03.2026;16:22;2.42;2.42;2.41;2.42;2.42;2385141;0
25.03.2026;16:23;2.41;2.42;2.41;2.41;2.42;2639465;0
25.03.2026;16:24;2.41;2.42;2.41;2.42;2.42;707620;0
25.03.2026;16:25;2.41;2.42;2.41;2.42;2.42;1066304;0
25.03.2026;16:26;2.41;2.41;2.41;2.41;2.41;241;0
25.03.2026;16:27;2.42;2.42;2.41;2.42;2.42;1150971;0
25.03.2026;16:28;2.42;2.42;2.41;2.42;2.42;597998;0
25.03.2026;16:29;2.42;2.42;2.42;2.42;2.42;1152888;0
25.03.2026;16:30;2.42;2.42;2.41;2.42;2.42;168448;0
25.03.2026;16:31;2.41;2.42;2.41;2.42;2.42;1022673;0
25.03.2026;16:32;2.42;2.42;2.42;2.42;2.42;1011560;0
25.03.2026;16:33;2.41;2.42;2.41;2.41;2.42;6400752;0
25.03.2026;16:34;2.41;2.41;2.40;2.41;2.41;66997;0
25.03.2026;16:35;2.40;2.40;2.40;2.40;2.40;1011120;0
25.03.2026;16:36;2.41;2.41;2.40;2.40;2.41;1105025;0
25.03.2026;16:37;2.40;2.40;2.40;2.40;2.40;1142880;0
25.03.2026;16:38;2.41;2.41;2.40;2.40;2.41;1038567;0
25.03.2026;16:39;2.40;2.41;2.40;2.40;2.41;2217203;0
25.03.2026;16:40;2.41;2.41;2.40;2.41;2.41;17002352;0
25.03.2026;16:41;2.41;2.41;2.41;2.41;2.41;4766739;0
25.03.2026;16:42;2.41;2.41;2.40;2.40;2.41;2501127;0
25.03.2026;16:43;2.40;2.41;2.40;2.41;2.41;1143121;0
25.03.2026;16:44;2.40;2.41;2.40;2.40;2.41;2422887;0
25.03.2026;16:45;2.41;2.41;2.40;2.40;2.41;345858;0
25.03.2026;16:46;2.40;2.41;2.40;2.40;2.41;1701706;0
25.03.2026;16:47;2.41;2.41;2.40;2.40;2.41;1066646;0
25.03.2026;16:48;2.41;2.41;2.40;2.40;2.41;1587287;0
25.03.2026;16:49;2.41;2.41;2.40;2.41;2.41;1205995;0
25.03.2026;16:50;2.40;2.41;2.40;2.40;2.41;1959196;0
25.03.2026;16:51;2.40;2.41;2.40;2.41;2.41;7281799;0
25.03.2026;16:52;2.41;2.41;2.40;2.40;2.41;172938;0
25.03.2026;16:53;2.41;2.42;2.40;2.42;2.41;9506736;0
25.03.2026;16:54;2.41;2.42;2.41;2.42;2.42;548129;0
25.03.2026;16:55;2.41;2.41;2.39;2.40;2.40;15548544;0
25.03.2026;16:56;2.40;2.40;2.40;2.40;2.40;68160;0
25.03.2026;16:57;2.39;2.40;2.39;2.39;2.40;1941291;0
25.03.2026;16:58;2.39;2.40;2.39;2.39;2.40;235889;0
25.03.2026;16:59;2.40;2.40;2.40;2.40;2.40;1032960;0
25.03.2026;17:00;2.40;2.40;2.40;2.40;2.40;1064400;0
25.03.2026;17:01;2.40;2.40;2.40;2.40;2.40;430560;0
25.03.2026;17:02;2.40;2.40;2.39;2.39;2.40;81500;0
25.03.2026;17:03;2.39;2.40;2.39;2.40;2.40;132719;0
25.03.2026;17:04;2.39;2.40;2.39;2.40;2.40;66937;0
25.03.2026;17:05;2.40;2.40;2.40;2.40;2.40;431760;0
25.03.2026;17:06;2.40;2.40;2.39;2.40;2.40;100799;0
25.03.2026;17:07;2.40;2.40;2.40;2.40;2.40;147120;0
25.03.2026;17:08;2.40;2.40;2.39;2.39;2.40;21044;0
25.03.2026;17:09;2.40;2.40;2.40;2.40;2.40;484080;0
25.03.2026;17:10;2.40;2.40;2.39;2.40;2.40;78405;0
25.03.2026;17:11;2.40;2.40;2.40;2.40;2.40;3360;0
25.03.2026;17:12;2.40;2.40;2.40;2.40;2.40;484080;0
25.03.2026;17:13;2.40;2.40;2.39;2.40;2.40;16319;0
25.03.2026;17:14;2.39;2.40;2.39;2.40;2.40;499864;0
25.03.2026;17:15;2.40;2.40;2.39;2.39;2.40;184620;0
25.03.2026;17:16;2.40;2.40;2.40;2.40;2.40;436800;0
25.03.2026;17:17;2.40;2.40;2.40;2.40;2.40;6720;0
25.03.2026;17:18;2.39;2.40;2.39;2.40;2.40;306185;0
25.03.2026;17:19;2.40;2.40;2.40;2.40;2.40;17760;0
25.03.2026;17:20;2.40;2.40;2.39;2.40;2.40;2833439;0
25.03.2026;17:21;2.39;2.41;2.39;2.41;2.40;3634464;0
25.03.2026;17:22;2.40;2.41;2.40;2.41;2.41;22573;0
25.03.2026;17:23;2.41;2.41;2.40;2.41;2.41;1052909;0
25.03.2026;17:24;2.41;2.41;2.40;2.41;2.41;8425608;0
25.03.2026;17:25;2.41;2.42;2.41;2.41;2.42;622998;0
25.03.2026;17:26;2.42;2.42;2.40;2.40;2.41;4360568;0
25.03.2026;17:27;2.40;2.41;2.40;2.41;2.41;573440;0
25.03.2026;17:28;2.40;2.40;2.40;2.40;2.40;46080;0
25.03.2026;17:29;2.41;2.41;2.40;2.40;2.41;1223486;0
25.03.2026;17:30;2.40;2.41;2.40;2.40;2.41;1727084;0
25.03.2026;17:31;2.41;2.41;2.40;2.40;2.41;1626266;0
25.03.2026;17:32;2.40;2.40;2.40;2.40;2.40;240;0
25.03.2026;17:33;2.40;2.41;2.40;2.40;2.41;1273383;0
25.03.2026;17:34;2.41;2.41;2.40;2.40;2.41;1036527;0
25.03.2026;17:35;2.40;2.41;2.40;2.40;2.41;630586;0
25.03.2026;17:36;2.41;2.41;2.40;2.40;2.41;1283708;0
25.03.2026;17:37;2.40;2.41;2.40;2.40;2.41;2398300;0
25.03.2026;17:38;2.41;2.41;2.40;2.41;2.41;8894;0
25.03.2026;17:39;2.40;2.41;2.40;2.40;2.41;5110585;0
25.03.2026;17:40;2.41;2.41;2.40;2.40;2.41;1270335;0
25.03.2026;17:41;2.41;2.41;2.40;2.41;2.41;5532;0
25.03.2026;17:42;2.40;2.41;2.40;2.40;2.41;5787450;0
25.03.2026;17:43;2.40;2.40;2.40;2.40;2.40;1460640;0
25.03.2026;17:44;2.40;2.40;2.40;2.40;2.40;38880;0
25.03.2026;17:45;2.40;2.41;2.40;2.40;2.41;414458;0
25.03.2026;17:46;2.40;2.41;2.40;2.40;2.41;1274986;0
25.03.2026;17:47;2.40;2.41;2.40;2.40;2.41;169945;0
25.03.2026;17:48;2.40;2.41;2.40;2.40;2.41;264218;0
25.03.2026;17:49;2.40;2.40;2.40;2.40;2.40;178080;0
25.03.2026;17:50;2.40;2.41;2.40;2.40;2.41;2344665;0
25.03.2026;17:51;2.40;2.41;2.40;2.40;2.41;108939;0
25.03.2026;17:52;2.40;2.41;2.40;2.40;2.41;118812;0
25.03.2026;17:53;2.40;2.40;2.39;2.39;2.40;23156566;0
25.03.2026;17:54;2.39;2.39;2.38;2.39;2.39;228967;0
25.03.2026;17:55;2.39;2.39;2.38;2.39;2.39;83310;0
25.03.2026;17:56;2.38;2.39;2.38;2.39;2.39;190283;0
25.03.2026;17:57;2.39;2.39;2.38;2.39;2.39;2112602;0
25.03.2026;17:58;2.39;2.39;2.39;2.39;2.39;2390;0
25.03.2026;17:59;2.39;2.39;2.38;2.39;2.39;674955;0
25.03.2026;18:00;2.39;2.39;2.38;2.39;2.39;957638;0
25.03.2026;18:01;2.38;2.39;2.38;2.39;2.39;598694;0
25.03.2026;18:02;2.39;2.39;2.38;2.39;2.39;1743066;0
25.03.2026;18:03;2.39;2.39;2.38;2.39;2.39;450047;0
25.03.2026;18:04;2.39;2.40;2.38;2.40;2.39;14868694;0
25.03.2026;18:05;2.40;2.40;2.40;2.40;2.40;240000;0
25.03.2026;18:06;2.39;2.40;2.39;2.40;2.40;48959;0
25.03.2026;18:07;2.39;2.39;2.39;2.39;2.39;717;0
25.03.2026;18:08;2.39;2.39;2.39;2.39;2.39;96078;0
25.03.2026;18:09;2.39;2.39;2.39;2.39;2.39;2390;0
25.03.2026;18:10;2.39;2.40;2.39;2.39;2.40;11452944;0
25.03.2026;18:11;2.39;2.39;2.39;2.39;2.39;3601969;0
25.03.2026;18:12;2.38;2.40;2.38;2.39;2.39;2834106;0
25.03.2026;18:13;2.39;2.40;2.39;2.39;2.40;2421697;0
25.03.2026;18:14;2.40;2.40;2.39;2.40;2.40;15337190;0
26.03.2026;09:30;2.40;2.40;2.40;2.40;2.40;346800;0
26.03.2026;09:35;2.40;2.40;2.40;2.40;2.40;3259440;0
26.03.2026;09:36;2.40;2.40;2.39;2.39;2.40;935379;0
26.03.2026;09:37;2.39;2.40;2.39;2.40;2.40;1438840;0
26.03.2026;09:38;2.39;2.40;2.39;2.40;2.40;1387500;0
26.03.2026;09:39;2.39;2.40;2.39;2.40;2.40;1434480;0
26.03.2026;09:40;2.40;2.40;2.39;2.40;2.40;795980;0
26.03.2026;09:41;2.39;2.40;2.39;2.40;2.40;1797620;0
26.03.2026;09:42;2.40;2.40;2.40;2.40;2.40;1200;0
26.03.2026;09:43;2.39;2.40;2.39;2.40;2.40;173020;0
26.03.2026;09:44;2.40;2.40;2.40;2.40;2.40;792720;0
26.03.2026;09:45;2.40;2.40;2.39;2.40;2.40;1698000;0
26.03.2026;09:46;2.40;2.40;2.40;2.40;2.40;72000;0
26.03.2026;09:47;2.40;2.40;2.39;2.40;2.40;128844;0
26.03.2026;09:48;2.39;2.40;2.39;2.40;2.40;241400;0
26.03.2026;09:49;2.40;2.40;2.40;2.40;2.40;14400;0
26.03.2026;09:50;2.40;2.40;2.39;2.39;2.40;30608;0
26.03.2026;09:51;2.40;2.40;2.39;2.40;2.40;11598718;0
26.03.2026;09:52;2.40;2.40;2.40;2.40;2.40;48000;0
26.03.2026;09:53;2.40;2.40;2.40;2.40;2.40;240;0
26.03.2026;09:56;2.40;2.40;2.40;2.40;2.40;19200;0
26.03.2026;09:57;2.40;2.40;2.40;2.40;2.40;7200;0
26.03.2026;09:59;2.40;2.40;2.40;2.40;2.40;3840000;0
26.03.2026;10:00;2.40;2.40;2.40;2.40;2.40;864000;0
26.03.2026;10:01;2.40;2.40;2.40;2.40;2.40;1200;0
26.03.2026;10:02;2.39;2.39;2.39;2.39;2.39;19120;0
26.03.2026;10:03;2.40;2.40;2.40;2.40;2.40;960;0
26.03.2026;10:05;2.39;2.40;2.39;2.39;2.40;3059688;0
26.03.2026;10:06;2.39;2.40;2.39;2.39;2.40;193352;0
26.03.2026;10:07;2.39;2.40;2.39;2.39;2.40;355065;0
26.03.2026;10:08;2.39;2.39;2.39;2.39;2.39;239;0
26.03.2026;10:09;2.40;2.40;2.38;2.40;2.39;21092576;0
26.03.2026;10:10;2.40;2.40;2.40;2.40;2.40;3556800;0
26.03.2026;10:12;2.39;2.39;2.39;2.39;2.39;2629;0
26.03.2026;10:13;2.40;2.40;2.40;2.40;2.40;10080;0
26.03.2026;10:14;2.39;2.39;2.39;2.39;2.39;1912;0
26.03.2026;10:15;2.39;2.40;2.39;2.39;2.40;7642752;0
26.03.2026;10:16;2.39;2.39;2.39;2.39;2.39;7170;0
26.03.2026;10:17;2.39;2.40;2.39;2.39;2.40;1027940;0
26.03.2026;10:18;2.40;2.40;2.40;2.40;2.40;84720;0
26.03.2026;10:20;2.39;2.39;2.39;2.39;2.39;164910;0
26.03.2026;10:21;2.40;2.40;2.39;2.39;2.40;208282;0
26.03.2026;10:24;2.40;2.40;2.40;2.40;2.40;252960;0
26.03.2026;10:25;2.39;2.40;2.39;2.40;2.40;22725;0
26.03.2026;10:27;2.40;2.40;2.39;2.39;2.40;132280;0
26.03.2026;10:28;2.40;2.40;2.39;2.39;2.40;59800;0
26.03.2026;10:30;2.40;2.40;2.39;2.40;2.40;168420;0
26.03.2026;10:33;2.40;2.40;2.39;2.39;2.40;205415;0
26.03.2026;10:34;2.40;2.40;2.40;2.40;2.40;3534720;0
26.03.2026;10:35;2.40;2.40;2.39;2.39;2.40;5639360;0
26.03.2026;10:36;2.40;2.40;2.40;2.40;2.40;101280;0
26.03.2026;10:37;2.39;2.39;2.39;2.39;2.39;3585;0
26.03.2026;10:38;2.39;2.39;2.39;2.39;2.39;143400;0
26.03.2026;10:39;2.40;2.40;2.39;2.39;2.40;85915;0
26.03.2026;10:40;2.39;2.39;2.39;2.39;2.39;1195;0
26.03.2026;10:41;2.39;2.39;2.39;2.39;2.39;11797518;0
26.03.2026;10:42;2.38;2.39;2.38;2.38;2.39;176195;0
26.03.2026;10:43;2.39;2.39;2.38;2.38;2.39;66369;0
26.03.2026;10:44;2.38;2.39;2.38;2.39;2.39;625592;0
26.03.2026;10:45;2.38;2.39;2.38;2.39;2.39;215058;0
26.03.2026;10:47;2.39;2.39;2.38;2.38;2.39;2654850;0
26.03.2026;10:48;2.39;2.39;2.39;2.39;2.39;84367;0
26.03.2026;10:49;2.38;2.38;2.38;2.38;2.38;389130;0
26.03.2026;10:51;2.39;2.39;2.38;2.39;2.39;169915;0
26.03.2026;10:52;2.39;2.39;2.39;2.39;2.39;47800;0
26.03.2026;10:53;2.38;2.39;2.38;2.39;2.39;286148;0
26.03.2026;10:54;2.39;2.39;2.38;2.38;2.39;121150;0
26.03.2026;10:55;2.39;2.39;2.38;2.38;2.39;2414527;0
26.03.2026;10:56;2.39;2.39;2.38;2.39;2.39;18622;0
26.03.2026;10:57;2.38;2.39;2.38;2.39;2.39;6287376;0
26.03.2026;10:58;2.39;2.39;2.38;2.38;2.39;4064574;0
26.03.2026;10:59;2.39;2.39;2.37;2.38;2.38;7218330;0
26.03.2026;11:00;2.37;2.37;2.37;2.37;2.37;3012744;0
26.03.2026;11:01;2.37;2.37;2.37;2.37;2.37;23700;0
26.03.2026;11:02;2.37;2.38;2.36;2.36;2.37;6888043;0
26.03.2026;11:03;2.36;2.36;2.35;2.36;2.35;4788470;0
26.03.2026;11:04;2.35;2.36;2.35;2.36;2.35;4664056;0
26.03.2026;11:05;2.35;2.36;2.35;2.36;2.35;8539137;0
26.03.2026;11:06;2.35;2.36;2.35;2.36;2.35;265783;0
26.03.2026;11:07;2.35;2.36;2.35;2.36;2.35;3192526;0
26.03.2026;11:08;2.35;2.36;2.35;2.35;2.35;6542145;0
26.03.2026;11:09;2.35;2.36;2.34;2.34;2.35;7928466;0
26.03.2026;11:10;2.34;2.35;2.34;2.34;2.34;2934127;0
26.03.2026;11:11;2.34;2.35;2.34;2.35;2.34;5459465;0
26.03.2026;11:12;2.35;2.35;2.34;2.34;2.34;647326;0
26.03.2026;11:13;2.34;2.35;2.34;2.34;2.34;2490644;0
26.03.2026;11:14;2.35;2.35;2.34;2.34;2.34;2342234;0
26.03.2026;11:15;2.34;2.35;2.33;2.35;2.34;15986645;0
26.03.2026;11:16;2.35;2.35;2.34;2.35;2.34;931559;0
26.03.2026;11:17;2.34;2.34;2.34;2.34;2.34;2340;0
26.03.2026;11:18;2.35;2.35;2.35;2.35;2.35;557420;0
26.03.2026;11:19;2.35;2.35;2.35;2.35;2.35;17746024;0
26.03.2026;11:20;2.36;2.36;2.35;2.36;2.35;57230;0
26.03.2026;11:21;2.35;2.36;2.35;2.36;2.35;805113;0
26.03.2026;11:22;2.36;2.36;2.36;2.36;2.36;54752;0
26.03.2026;11:23;2.35;2.36;2.35;2.35;2.35;1074540;0
26.03.2026;11:24;2.36;2.36;2.36;2.36;2.36;91096;0
26.03.2026;11:25;2.36;2.36;2.36;2.36;2.36;472708;0
26.03.2026;11:26;2.36;2.36;2.36;2.36;2.36;3304;0
26.03.2026;11:27;2.36;2.36;2.36;2.36;2.36;558140;0
26.03.2026;11:28;2.35;2.36;2.35;2.36;2.35;3772;0
26.03.2026;11:29;2.36;2.36;2.36;2.36;2.36;14868;0
26.03.2026;11:30;2.36;2.36;2.35;2.36;2.35;566131;0
26.03.2026;11:31;2.36;2.36;2.35;2.35;2.35;28078;0
26.03.2026;11:32;2.36;2.36;2.36;2.36;2.36;474596;0
26.03.2026;11:33;2.36;2.36;2.36;2.36;2.36;86848;0
26.03.2026;11:34;2.36;2.36;2.34;2.35;2.35;17471796;0
26.03.2026;11:35;2.35;2.35;2.35;2.35;2.35;3796895;0
26.03.2026;11:36;2.36;2.36;2.35;2.35;2.35;14054882;0
26.03.2026;11:37;2.35;2.35;2.35;2.35;2.35;513240;0
26.03.2026;11:39;2.35;2.35;2.35;2.35;2.35;552955;0
26.03.2026;11:41;2.35;2.35;2.35;2.35;2.35;470000;0
26.03.2026;11:42;2.34;2.35;2.33;2.34;2.34;13030285;0
26.03.2026;11:43;2.34;2.34;2.32;2.32;2.33;11761966;0
26.03.2026;11:44;2.32;2.33;2.31;2.33;2.32;10667298;0
26.03.2026;11:45;2.32;2.33;2.32;2.33;2.32;10034302;0
26.03.2026;11:46;2.33;2.33;2.32;2.33;2.32;1433692;0
26.03.2026;11:47;2.32;2.33;2.32;2.32;2.32;7596730;0
26.03.2026;11:48;2.33;2.33;2.32;2.33;2.32;4120095;0
26.03.2026;11:49;2.32;2.32;2.32;2.32;2.32;536616;0
26.03.2026;11:50;2.32;2.34;2.32;2.34;2.33;11867281;0
26.03.2026;11:51;2.34;2.34;2.33;2.34;2.33;220772;0
26.03.2026;11:52;2.33;2.34;2.33;2.33;2.33;2508381;0
26.03.2026;11:53;2.33;2.34;2.33;2.34;2.33;1054568;0
26.03.2026;11:54;2.33;2.34;2.33;2.33;2.33;2513161;0
26.03.2026;11:55;2.33;2.34;2.33;2.33;2.33;153171;0
26.03.2026;11:56;2.33;2.34;2.33;2.34;2.33;2914468;0
26.03.2026;11:57;2.34;2.34;2.33;2.33;2.33;1509936;0
26.03.2026;11:58;2.33;2.33;2.33;2.33;2.33;70366;0
26.03.2026;11:59;2.33;2.34;2.33;2.34;2.33;2049740;0
26.03.2026;12:00;2.34;2.34;2.34;2.34;2.34;103662;0
26.03.2026;12:01;2.34;2.34;2.34;2.34;2.34;537732;0
26.03.2026;12:02;2.34;2.34;2.33;2.34;2.33;188572;0
26.03.2026;12:03;2.33;2.34;2.33;2.34;2.33;1374666;0
26.03.2026;12:04;2.34;2.34;2.34;2.34;2.34;476190;0
26.03.2026;12:05;2.34;2.34;2.32;2.32;2.33;9964917;0
26.03.2026;12:06;2.32;2.32;2.32;2.32;2.32;147088;0
26.03.2026;12:07;2.32;2.33;2.32;2.33;2.32;171948;0
26.03.2026;12:08;2.33;2.33;2.33;2.33;2.33;1165;0
26.03.2026;12:09;2.33;2.33;2.32;2.32;2.32;2591561;0
26.03.2026;12:10;2.33;2.33;2.32;2.32;2.32;7638555;0
26.03.2026;12:11;2.33;2.33;2.33;2.33;2.33;4790247;0
26.03.2026;12:12;2.33;2.33;2.33;2.33;2.33;82016;0
26.03.2026;12:13;2.32;2.33;2.32;2.32;2.32;302536;0
26.03.2026;12:14;2.32;2.32;2.32;2.32;2.32;7488728;0
26.03.2026;12:15;2.32;2.33;2.31;2.33;2.32;8450205;0
26.03.2026;12:16;2.33;2.33;2.33;2.33;2.33;7456;0
26.03.2026;12:17;2.32;2.32;2.32;2.32;2.32;23200;0
26.03.2026;12:18;2.33;2.33;2.32;2.32;2.32;430516;0
26.03.2026;12:19;2.33;2.33;2.33;2.33;2.33;123490;0
26.03.2026;12:21;2.33;2.33;2.32;2.32;2.32;4253275;0
26.03.2026;12:22;2.32;2.32;2.32;2.32;2.32;1160;0
26.03.2026;12:23;2.32;2.32;2.32;2.32;2.32;2321160;0
26.03.2026;12:24;2.33;2.33;2.33;2.33;2.33;82249;0
26.03.2026;12:25;2.33;2.33;2.33;2.33;2.33;1864;0
26.03.2026;12:26;2.33;2.33;2.33;2.33;2.33;75958;0
26.03.2026;12:27;2.33;2.33;2.32;2.33;2.32;688485;0
26.03.2026;12:28;2.33;2.34;2.33;2.34;2.33;9564358;0
26.03.2026;12:29;2.34;2.34;2.33;2.34;2.33;25972;0
26.03.2026;12:30;2.34;2.34;2.33;2.33;2.33;844207;0
26.03.2026;12:31;2.34;2.34;2.33;2.34;2.33;213073;0
26.03.2026;12:32;2.34;2.34;2.33;2.34;2.33;493375;0
26.03.2026;12:33;2.34;2.34;2.33;2.33;2.33;7928059;0
26.03.2026;12:34;2.33;2.33;2.33;2.33;2.33;1188999;0
26.03.2026;12:35;2.33;2.33;2.33;2.33;2.33;5677744;0
26.03.2026;12:36;2.32;2.33;2.32;2.33;2.32;4917102;0
26.03.2026;12:37;2.32;2.32;2.32;2.32;2.32;3712;0
26.03.2026;12:38;2.33;2.33;2.33;2.33;2.33;48697;0
26.03.2026;12:39;2.32;2.33;2.32;2.33;2.32;107779;0
26.03.2026;12:40;2.33;2.33;2.33;2.33;2.33;5007869;0
26.03.2026;12:41;2.33;2.33;2.33;2.33;2.33;4893;0
26.03.2026;12:42;2.33;2.33;2.32;2.32;2.32;82481;0
26.03.2026;12:43;2.33;2.33;2.32;2.32;2.32;81764;0
26.03.2026;12:45;2.33;2.33;2.32;2.32;2.32;237426;0
26.03.2026;12:46;2.33;2.33;2.32;2.32;2.32;233464;0
26.03.2026;12:47;2.32;2.32;2.32;2.32;2.32;696;0
26.03.2026;12:48;2.33;2.33;2.32;2.33;2.32;189659;0
26.03.2026;12:49;2.33;2.33;2.32;2.33;2.32;376011;0
26.03.2026;12:50;2.33;2.33;2.32;2.33;2.32;3258;0
26.03.2026;12:51;2.33;2.33;2.32;2.32;2.32;269713;0
26.03.2026;12:52;2.33;2.33;2.32;2.33;2.32;4658;0
26.03.2026;12:53;2.33;2.33;2.33;2.33;2.33;2097;0
26.03.2026;12:54;2.33;2.33;2.32;2.32;2.32;2004962;0
26.03.2026;12:55;2.32;2.33;2.32;2.33;2.32;2747357;0
26.03.2026;12:56;2.33;2.33;2.32;2.32;2.32;24229;0
26.03.2026;12:57;2.33;2.33;2.32;2.32;2.32;6926945;0
26.03.2026;12:59;2.33;2.33;2.33;2.33;2.33;3495699;0
26.03.2026;13:00;2.32;2.33;2.32;2.33;2.32;600072;0
26.03.2026;13:01;2.33;2.33;2.32;2.32;2.32;215113;0
26.03.2026;13:02;2.33;2.33;2.33;2.33;2.33;116500;0
26.03.2026;13:03;2.33;2.33;2.33;2.33;2.33;123024;0
26.03.2026;13:04;2.33;2.33;2.33;2.33;2.33;2330;0
26.03.2026;13:05;2.33;2.33;2.33;2.33;2.33;2097;0
26.03.2026;13:06;2.33;2.33;2.33;2.33;2.33;2064846;0
26.03.2026;13:07;2.33;2.33;2.33;2.33;2.33;874682;0
26.03.2026;13:08;2.33;2.33;2.33;2.33;2.33;258164;0
26.03.2026;13:09;2.33;2.33;2.33;2.33;2.33;90404;0
26.03.2026;13:10;2.33;2.33;2.33;2.33;2.33;6990;0
26.03.2026;13:11;2.33;2.33;2.32;2.33;2.32;950337;0
26.03.2026;13:12;2.33;2.33;2.32;2.33;2.32;339879;0
26.03.2026;13:13;2.33;2.34;2.33;2.34;2.33;5921934;0
26.03.2026;13:14;2.34;2.34;2.34;2.34;2.34;2106;0
26.03.2026;13:15;2.34;2.34;2.34;2.34;2.34;84708;0
26.03.2026;13:16;2.33;2.34;2.33;2.34;2.33;4907;0
26.03.2026;13:17;2.34;2.34;2.34;2.34;2.34;1872;0
26.03.2026;13:18;2.34;2.34;2.34;2.34;2.34;84474;0
26.03.2026;13:19;2.34;2.34;2.33;2.34;2.33;293372;0
26.03.2026;13:20;2.33;2.34;2.33;2.34;2.33;134783;0
26.03.2026;13:21;2.34;2.34;2.33;2.34;2.33;85405;0
26.03.2026;13:22;2.34;2.34;2.33;2.33;2.33;211572;0
26.03.2026;13:23;2.34;2.34;2.34;2.34;2.34;2340;0
26.03.2026;13:24;2.34;2.34;2.34;2.34;2.34;84474;0
26.03.2026;13:25;2.34;2.34;2.34;2.34;2.34;1872;0
26.03.2026;13:26;2.34;2.34;2.33;2.34;2.33;421906;0
26.03.2026;13:27;2.34;2.34;2.34;2.34;2.34;130806;0
26.03.2026;13:28;2.34;2.34;2.34;2.34;2.34;2106;0
26.03.2026;13:29;2.34;2.34;2.33;2.34;2.33;54372;0
26.03.2026;13:30;2.34;2.34;2.34;2.34;2.34;84474;0
26.03.2026;13:31;2.34;2.34;2.34;2.34;2.34;1872;0
26.03.2026;13:32;2.34;2.34;2.34;2.34;2.34;2340;0
26.03.2026;13:33;2.34;2.34;2.34;2.34;2.34;84474;0
26.03.2026;13:34;2.34;2.34;2.33;2.34;2.33;467872;0
26.03.2026;13:35;2.34;2.34;2.34;2.34;2.34;1872;0
26.03.2026;13:36;2.34;2.34;2.34;2.34;2.34;84474;0
26.03.2026;13:37;2.34;2.34;2.33;2.34;2.33;24938;0
26.03.2026;13:38;2.34;2.34;2.33;2.34;2.33;25640;0
26.03.2026;13:39;2.34;2.34;2.34;2.34;2.34;84240;0
26.03.2026;13:40;2.33;2.34;2.33;2.34;2.33;2573;0
26.03.2026;13:41;2.34;2.34;2.33;2.34;2.33;26337;0
26.03.2026;13:42;2.34;2.34;2.34;2.34;2.34;84708;0
26.03.2026;13:43;2.34;2.34;2.33;2.34;2.33;24938;0
26.03.2026;13:44;2.34;2.34;2.33;2.34;2.33;48240;0
26.03.2026;13:45;2.34;2.34;2.34;2.34;2.34;84240;0
26.03.2026;13:46;2.34;2.34;2.34;2.34;2.34;2106;0
26.03.2026;13:47;2.34;2.34;2.33;2.34;2.33;19840;0
26.03.2026;13:48;2.34;2.34;2.33;2.34;2.33;145054;0
26.03.2026;13:49;2.34;2.34;2.33;2.34;2.33;1436918;0
26.03.2026;13:50;2.34;2.34;2.33;2.33;2.33;9205835;0
26.03.2026;13:52;2.32;2.32;2.32;2.32;2.32;4872;0
26.03.2026;13:53;2.32;2.32;2.31;2.31;2.31;13636712;0
26.03.2026;13:54;2.31;2.32;2.31;2.31;2.31;93787;0
26.03.2026;13:55;2.31;2.32;2.31;2.31;2.31;140086;0
26.03.2026;13:56;2.32;2.32;2.31;2.31;2.31;643355;0
26.03.2026;13:57;2.31;2.32;2.31;2.31;2.31;223268;0
26.03.2026;13:58;2.31;2.31;2.31;2.31;2.31;383691;0
26.03.2026;13:59;2.31;2.31;2.31;2.31;2.31;3050124;0
26.03.2026;14:00;2.31;2.32;2.31;2.31;2.31;219803;0
26.03.2026;14:01;2.31;2.31;2.31;2.31;2.31;1155;0
26.03.2026;14:02;2.32;2.32;2.30;2.31;2.31;5246584;0
26.03.2026;14:03;2.30;2.30;2.30;2.30;2.30;286810;0
26.03.2026;14:04;2.30;2.30;2.29;2.29;2.29;8494360;0
26.03.2026;14:05;2.29;2.29;2.29;2.29;2.29;19007;0
26.03.2026;14:06;2.30;2.30;2.29;2.29;2.29;89663;0
26.03.2026;14:07;2.30;2.30;2.30;2.30;2.30;2783000;0
26.03.2026;14:08;2.30;2.30;2.29;2.30;2.29;4498696;0
26.03.2026;14:09;2.31;2.31;2.31;2.31;2.31;89166;0
26.03.2026;14:10;2.30;2.30;2.30;2.30;2.30;14260;0
26.03.2026;14:11;2.31;2.31;2.30;2.31;2.30;583890;0
26.03.2026;14:12;2.31;2.31;2.30;2.31;2.30;254312;0
26.03.2026;14:13;2.30;2.31;2.30;2.30;2.30;100516;0
26.03.2026;14:14;2.31;2.31;2.30;2.30;2.30;3849286;0
26.03.2026;14:15;2.30;2.31;2.30;2.30;2.30;124930;0
26.03.2026;14:16;2.30;2.30;2.30;2.30;2.30;57500;0
26.03.2026;14:17;2.31;2.31;2.30;2.30;2.30;538595;0
26.03.2026;14:18;2.31;2.31;2.30;2.30;2.30;255978;0
26.03.2026;14:19;2.30;2.30;2.29;2.30;2.29;4243124;0
26.03.2026;14:20;2.29;2.30;2.29;2.30;2.29;118441;0
26.03.2026;14:21;2.30;2.30;2.29;2.29;2.29;164548;0
26.03.2026;14:22;2.30;2.30;2.29;2.30;2.29;10771927;0
26.03.2026;14:23;2.30;2.30;2.29;2.30;2.29;3980739;0
26.03.2026;14:24;2.30;2.31;2.30;2.30;2.30;4161518;0
26.03.2026;14:25;2.31;2.31;2.31;2.31;2.31;23793;0
26.03.2026;14:26;2.31;2.31;2.30;2.30;2.30;6680;0
26.03.2026;14:27;2.31;2.31;2.30;2.30;2.30;425162;0
26.03.2026;14:29;2.31;2.31;2.31;2.31;2.31;23100;0
26.03.2026;14:30;2.30;2.31;2.30;2.31;2.30;94429;0
26.03.2026;14:31;2.31;2.31;2.30;2.31;2.30;105368;0
26.03.2026;14:32;2.31;2.31;2.30;2.31;2.30;246338;0
26.03.2026;14:33;2.31;2.31;2.31;2.31;2.31;84084;0
26.03.2026;14:34;2.31;2.31;2.30;2.31;2.30;461848;0
26.03.2026;14:35;2.31;2.31;2.30;2.30;2.30;1843459;0
26.03.2026;14:36;2.31;2.31;2.30;2.31;2.30;84542;0
26.03.2026;14:37;2.30;2.31;2.30;2.30;2.30;431536;0
26.03.2026;14:38;2.31;2.31;2.30;2.30;2.30;242429;0
26.03.2026;14:39;2.31;2.31;2.30;2.31;2.30;118823;0
26.03.2026;14:40;2.30;2.31;2.30;2.31;2.30;653312;0
26.03.2026;14:41;2.31;2.31;2.30;2.30;2.30;2544460;0
26.03.2026;14:42;2.30;2.31;2.30;2.30;2.30;93503;0
26.03.2026;14:43;2.30;2.31;2.30;2.31;2.30;140760;0
26.03.2026;14:44;2.31;2.31;2.30;2.30;2.30;13810;0
26.03.2026;14:45;2.31;2.31;2.30;2.30;2.30;83390;0
26.03.2026;14:46;2.31;2.31;2.31;2.31;2.31;2079;0
26.03.2026;14:47;2.31;2.31;2.31;2.31;2.31;2310;0
26.03.2026;14:48;2.31;2.31;2.30;2.31;2.30;433814;0
26.03.2026;14:49;2.31;2.31;2.30;2.31;2.30;237928;0
26.03.2026;14:50;2.31;2.31;2.30;2.31;2.30;123815;0
26.03.2026;14:51;2.31;2.31;2.31;2.31;2.31;129822;0
26.03.2026;14:52;2.31;2.31;2.30;2.31;2.30;1136874;0
26.03.2026;14:53;2.30;2.31;2.30;2.30;2.30;501248;0
26.03.2026;14:54;2.31;2.31;2.30;2.31;2.30;141832;0
26.03.2026;14:55;2.31;2.31;2.30;2.31;2.30;2308;0
26.03.2026;14:56;2.30;2.31;2.30;2.31;2.30;142265;0
26.03.2026;14:57;2.31;2.31;2.30;2.30;2.30;800081;0
26.03.2026;14:58;2.31;2.31;2.30;2.31;2.30;456406;0
26.03.2026;14:59;2.31;2.31;2.30;2.31;2.30;15937;0
26.03.2026;15:00;2.31;2.31;2.30;2.31;2.30;108106;0
26.03.2026;15:01;2.31;2.31;2.30;2.30;2.30;6908;0
26.03.2026;15:02;2.31;2.31;2.30;2.31;2.30;6679;0
26.03.2026;15:03;2.31;2.31;2.30;2.31;2.30;325952;0
26.03.2026;15:04;2.31;2.31;2.31;2.31;2.31;456456;0
26.03.2026;15:05;2.31;2.31;2.30;2.31;2.30;15906;0
26.03.2026;15:06;2.31;2.31;2.31;2.31;2.31;202125;0
26.03.2026;15:07;2.31;2.31;2.31;2.31;2.31;517440;0
26.03.2026;15:08;2.31;2.31;2.30;2.31;2.30;8315;0
26.03.2026;15:09;2.31;2.31;2.31;2.31;2.31;84546;0
26.03.2026;15:10;2.31;2.31;2.30;2.31;2.30;3000;0
26.03.2026;15:11;2.31;2.31;2.31;2.31;2.31;2772;0
26.03.2026;15:12;2.31;2.31;2.31;2.31;2.31;96327;0
26.03.2026;15:13;2.31;2.31;2.30;2.31;2.30;3001;0
26.03.2026;15:14;2.31;2.31;2.31;2.31;2.31;27720;0
26.03.2026;15:15;2.31;2.31;2.31;2.31;2.31;87780;0
26.03.2026;15:16;2.30;2.31;2.30;2.31;2.30;8289;0
26.03.2026;15:17;2.31;2.31;2.31;2.31;2.31;19635;0
26.03.2026;15:18;2.30;2.31;2.30;2.31;2.30;84081;0
26.03.2026;15:19;2.31;2.31;2.31;2.31;2.31;1848;0
26.03.2026;15:20;2.31;2.31;2.30;2.30;2.30;2308;0
26.03.2026;15:21;2.31;2.31;2.31;2.31;2.31;84315;0
26.03.2026;15:22;2.31;2.31;2.31;2.31;2.31;720951;0
26.03.2026;15:23;2.31;2.31;2.30;2.31;2.30;492639;0
26.03.2026;15:24;2.31;2.31;2.30;2.31;2.30;187108;0
26.03.2026;15:25;2.31;2.31;2.30;2.30;2.30;715653;0
26.03.2026;15:26;2.31;2.31;2.31;2.31;2.31;4620;0
26.03.2026;15:27;2.31;2.31;2.31;2.31;2.31;81312;0
26.03.2026;15:28;2.31;2.31;2.31;2.31;2.31;174405;0
26.03.2026;15:29;2.31;2.31;2.31;2.31;2.31;2310;0
26.03.2026;15:30;2.31;2.31;2.31;2.31;2.31;83622;0
26.03.2026;15:31;2.31;2.31;2.31;2.31;2.31;1848;0
26.03.2026;15:32;2.31;2.31;2.31;2.31;2.31;5082;0
26.03.2026;15:33;2.31;2.31;2.30;2.31;2.30;1894867;0
26.03.2026;15:34;2.31;2.31;2.31;2.31;2.31;13860;0
26.03.2026;15:35;2.31;2.31;2.30;2.30;2.30;1610249;0
26.03.2026;15:36;2.31;2.31;2.30;2.30;2.30;534151;0
26.03.2026;15:37;2.31;2.31;2.31;2.31;2.31;117810;0
26.03.2026;15:38;2.31;2.31;2.31;2.31;2.31;2079;0
26.03.2026;15:39;2.31;2.31;2.31;2.31;2.31;84084;0
26.03.2026;15:40;2.31;2.31;2.31;2.31;2.31;30261;0
26.03.2026;15:41;2.31;2.31;2.31;2.31;2.31;25872;0
26.03.2026;15:42;2.31;2.31;2.30;2.31;2.30;106643;0
26.03.2026;15:43;2.31;2.31;2.31;2.31;2.31;2772;0
26.03.2026;15:44;2.31;2.31;2.30;2.31;2.30;112029;0
26.03.2026;15:45;2.30;2.31;2.30;2.31;2.30;286727;0
26.03.2026;15:46;2.31;2.31;2.31;2.31;2.31;3696;0
26.03.2026;15:47;2.31;2.31;2.31;2.31;2.31;2310;0
26.03.2026;15:48;2.31;2.31;2.31;2.31;2.31;216447;0
26.03.2026;15:49;2.31;2.31;2.30;2.31;2.30;9444;0
26.03.2026;15:50;2.31;2.31;2.31;2.31;2.31;718410;0
26.03.2026;15:51;2.31;2.31;2.30;2.31;2.30;751582;0
26.03.2026;15:52;2.31;2.31;2.31;2.31;2.31;280665;0
26.03.2026;15:53;2.31;2.31;2.31;2.31;2.31;173712;0
26.03.2026;15:54;2.31;2.31;2.31;2.31;2.31;555555;0
26.03.2026;15:55;2.31;2.31;2.31;2.31;2.31;1068837;0
26.03.2026;15:56;2.31;2.31;2.31;2.31;2.31;483714;0
26.03.2026;15:57;2.31;2.31;2.31;2.31;2.31;508893;0
26.03.2026;15:58;2.31;2.31;2.31;2.31;2.31;815199;0
26.03.2026;15:59;2.31;2.31;2.31;2.31;2.31;279279;0
26.03.2026;16:00;2.31;2.31;2.30;2.31;2.30;193609;0
26.03.2026;16:01;2.30;2.31;2.30;2.31;2.30;106672;0
26.03.2026;16:02;2.31;2.31;2.31;2.31;2.31;1041348;0
26.03.2026;16:03;2.31;2.31;2.31;2.31;2.31;148302;0
26.03.2026;16:04;2.31;2.31;2.31;2.31;2.31;1889118;0
26.03.2026;16:05;2.31;2.31;2.31;2.31;2.31;349272;0
26.03.2026;16:06;2.31;2.31;2.31;2.31;2.31;245091;0
26.03.2026;16:07;2.31;2.31;2.31;2.31;2.31;11319;0
26.03.2026;16:08;2.31;2.31;2.31;2.31;2.31;14091;0
26.03.2026;16:09;2.31;2.31;2.31;2.31;2.31;269346;0
26.03.2026;16:10;2.31;2.31;2.31;2.31;2.31;2310;0
26.03.2026;16:11;2.31;2.31;2.30;2.31;2.30;233771;0
26.03.2026;16:12;2.31;2.31;2.31;2.31;2.31;84084;0
26.03.2026;16:13;2.31;2.31;2.31;2.31;2.31;949641;0
26.03.2026;16:14;2.31;2.31;2.30;2.31;2.30;2205863;0
26.03.2026;16:15;2.31;2.31;2.31;2.31;2.31;83853;0
26.03.2026;16:16;2.31;2.31;2.31;2.31;2.31;269346;0
26.03.2026;16:17;2.31;2.31;2.30;2.31;2.30;6910;0
26.03.2026;16:18;2.31;2.31;2.31;2.31;2.31;84084;0
26.03.2026;16:19;2.31;2.31;2.31;2.31;2.31;7161;0
26.03.2026;16:20;2.31;2.31;2.29;2.30;2.30;12073651;0
26.03.2026;16:21;2.29;2.29;2.29;2.29;2.29;46029;0
26.03.2026;16:23;2.30;2.30;2.30;2.30;2.30;5066440;0
26.03.2026;16:24;2.31;2.31;2.31;2.31;2.31;81543;0
26.03.2026;16:25;2.31;2.31;2.31;2.31;2.31;115500;0
26.03.2026;16:26;2.31;2.31;2.31;2.31;2.31;4880106;0
26.03.2026;16:27;2.31;2.32;2.31;2.31;2.31;4647779;0
26.03.2026;16:28;2.31;2.31;2.31;2.31;2.31;8304450;0
26.03.2026;16:29;2.31;2.32;2.31;2.32;2.31;4697981;0
26.03.2026;16:30;2.31;2.32;2.31;2.32;2.31;93446;0
26.03.2026;16:31;2.31;2.31;2.31;2.31;2.31;36736160;0
26.03.2026;16:32;2.31;2.32;2.31;2.32;2.31;21573406;0
26.03.2026;16:33;2.32;2.32;2.32;2.32;2.32;87000;0
26.03.2026;16:34;2.31;2.32;2.31;2.32;2.31;39804;0
26.03.2026;16:35;2.32;2.32;2.31;2.31;2.31;39804;0
26.03.2026;16:36;2.31;2.32;2.31;2.32;2.31;81895;0
26.03.2026;16:39;2.32;2.32;2.32;2.32;2.32;81896;0
26.03.2026;16:40;2.32;2.32;2.32;2.32;2.32;464;0
26.03.2026;16:41;2.32;2.32;2.32;2.32;2.32;696;0
26.03.2026;16:42;2.32;2.32;2.32;2.32;2.32;84216;0
26.03.2026;16:43;2.32;2.32;2.32;2.32;2.32;3944;0
26.03.2026;16:44;2.32;2.32;2.31;2.32;2.31;118052;0
26.03.2026;16:45;2.32;2.32;2.32;2.32;2.32;84448;0
26.03.2026;16:46;2.32;2.32;2.30;2.31;2.31;8443506;0
26.03.2026;16:48;2.30;2.31;2.30;2.30;2.30;82003;0
26.03.2026;16:49;2.31;2.31;2.31;2.31;2.31;60291;0
26.03.2026;16:50;2.31;2.31;2.31;2.31;2.31;2310;0
26.03.2026;16:51;2.31;2.31;2.31;2.31;2.31;81543;0
26.03.2026;16:52;2.31;2.31;2.31;2.31;2.31;57750;0
26.03.2026;16:53;2.31;2.31;2.30;2.30;2.30;230962;0
26.03.2026;16:54;2.30;2.31;2.30;2.31;2.30;415691;0
26.03.2026;16:55;2.31;2.31;2.31;2.31;2.31;43197;0
26.03.2026;16:56;2.31;2.31;2.31;2.31;2.31;2310;0
26.03.2026;16:57;2.31;2.31;2.31;2.31;2.31;84315;0
26.03.2026;16:58;2.31;2.31;2.31;2.31;2.31;2541;0
26.03.2026;16:59;2.31;2.31;2.30;2.31;2.30;37041;0
26.03.2026;17:00;2.31;2.31;2.30;2.31;2.30;274066;0
26.03.2026;17:01;2.31;2.31;2.30;2.31;2.30;142389;0
26.03.2026;17:02;2.31;2.31;2.31;2.31;2.31;130515;0
26.03.2026;17:03;2.30;2.32;2.30;2.32;2.31;8111858;0
26.03.2026;17:04;2.32;2.32;2.31;2.32;2.31;121749;0
26.03.2026;17:05;2.31;2.32;2.31;2.32;2.31;244181;0
26.03.2026;17:06;2.32;2.32;2.31;2.32;2.31;86067;0
26.03.2026;17:07;2.32;2.32;2.31;2.31;2.31;233550;0
26.03.2026;17:08;2.32;2.32;2.31;2.32;2.31;1479921;0
26.03.2026;17:09;2.32;2.32;2.31;2.32;2.31;2039506;0
26.03.2026;17:10;2.32;2.32;2.31;2.32;2.31;216052;0
26.03.2026;17:11;2.32;2.32;2.31;2.32;2.31;488353;0
26.03.2026;17:12;2.32;2.32;2.31;2.31;2.31;85140;0
26.03.2026;17:13;2.32;2.32;2.31;2.31;2.31;32837;0
26.03.2026;17:14;2.32;2.32;2.31;2.32;2.31;3246;0
26.03.2026;17:15;2.32;2.32;2.31;2.32;2.31;156360;0
26.03.2026;17:16;2.32;2.32;2.31;2.31;2.31;309190;0
26.03.2026;17:17;2.32;2.32;2.31;2.31;2.31;80965;0
26.03.2026;17:18;2.32;2.32;2.31;2.32;2.31;1840682;0
26.03.2026;17:19;2.31;2.32;2.31;2.31;2.31;4171;0
26.03.2026;17:20;2.32;2.32;2.31;2.32;2.31;3940;0
26.03.2026;17:21;2.32;2.32;2.31;2.32;2.31;85606;0
26.03.2026;17:22;2.31;2.32;2.31;2.32;2.31;78826;0
26.03.2026;17:23;2.32;2.32;2.31;2.32;2.31;278398;0
26.03.2026;17:24;2.32;2.32;2.30;2.30;2.31;9113692;0
26.03.2026;17:25;2.31;2.31;2.30;2.30;2.30;837529;0
26.03.2026;17:26;2.31;2.31;2.30;2.30;2.30;169043;0
26.03.2026;17:27;2.31;2.31;2.31;2.31;2.31;81312;0
26.03.2026;17:28;2.31;2.32;2.31;2.32;2.31;7049346;0
26.03.2026;17:29;2.33;2.33;2.32;2.32;2.32;221582;0
26.03.2026;17:30;2.33;2.33;2.32;2.32;2.32;83177;0
26.03.2026;17:31;2.32;2.33;2.32;2.32;2.32;5356;0
26.03.2026;17:32;2.32;2.32;2.31;2.31;2.31;5220926;0
26.03.2026;17:33;2.31;2.32;2.31;2.32;2.31;372124;0
26.03.2026;17:34;2.32;2.32;2.31;2.32;2.31;7785454;0
26.03.2026;17:35;2.32;2.33;2.32;2.32;2.32;2001301;0
26.03.2026;17:36;2.33;2.33;2.32;2.32;2.32;107639;0
26.03.2026;17:37;2.32;2.32;2.32;2.32;2.32;464;0
26.03.2026;17:38;2.32;2.33;2.32;2.33;2.32;11645;0
26.03.2026;17:39;2.32;2.33;2.32;2.32;2.32;1248641;0
26.03.2026;17:40;2.33;2.33;2.32;2.32;2.32;13460;0
26.03.2026;17:41;2.33;2.34;2.32;2.34;2.33;5903365;0
26.03.2026;17:42;2.34;2.34;2.33;2.33;2.33;501417;0
26.03.2026;17:43;2.34;2.34;2.33;2.34;2.33;432995;0
26.03.2026;17:44;2.34;2.34;2.32;2.32;2.33;8626756;0
26.03.2026;17:45;2.33;2.33;2.32;2.32;2.32;23996;0
26.03.2026;17:46;2.32;2.32;2.32;2.32;2.32;58000;0
26.03.2026;17:47;2.33;2.33;2.32;2.32;2.32;5823;0
26.03.2026;17:48;2.33;2.33;2.32;2.32;2.32;10141552;0
26.03.2026;17:49;2.33;2.33;2.32;2.33;2.32;6103428;0
26.03.2026;17:50;2.33;2.33;2.32;2.33;2.32;6737659;0
26.03.2026;17:51;2.33;2.33;2.33;2.33;2.33;1044772;0
26.03.2026;17:54;2.34;2.35;2.34;2.34;2.34;4940960;0
26.03.2026;17:55;2.34;2.35;2.34;2.34;2.34;242729;0
26.03.2026;17:56;2.34;2.34;2.33;2.33;2.33;17074278;0
26.03.2026;17:57;2.33;2.33;2.33;2.33;2.33;1864;0
26.03.2026;17:58;2.33;2.33;2.33;2.33;2.33;589723;0
26.03.2026;17:59;2.33;2.34;2.33;2.34;2.33;3496;0
26.03.2026;18:00;2.33;2.34;2.33;2.34;2.33;414406;0
26.03.2026;18:01;2.33;2.34;2.33;2.33;2.33;29478;0
26.03.2026;18:02;2.33;2.34;2.33;2.33;2.33;365235;0
26.03.2026;18:03;2.33;2.34;2.33;2.33;2.33;201465;0
26.03.2026;18:04;2.33;2.34;2.33;2.33;2.33;20087418;0
26.03.2026;18:05;2.34;2.34;2.33;2.34;2.33;1476302;0
26.03.2026;18:06;2.34;2.34;2.34;2.34;2.34;2170116;0
26.03.2026;18:07;2.33;2.33;2.33;2.33;2.33;233;0
26.03.2026;18:08;2.33;2.33;2.33;2.33;2.33;56153;0
26.03.2026;18:09;2.34;2.34;2.34;2.34;2.34;54990;0
26.03.2026;18:10;2.34;2.34;2.34;2.34;2.34;3637530;0
26.03.2026;18:11;2.34;2.35;2.34;2.35;2.34;3248645;0
26.03.2026;18:12;2.34;2.35;2.34;2.34;2.34;2435492;0
26.03.2026;18:13;2.34;2.34;2.33;2.34;2.33;4769774;0
26.03.2026;18:14;2.34;2.34;2.33;2.34;2.33;4354037;0
29.03.2026;09:30;2.35;2.35;2.35;2.35;2.35;1128000;0
29.03.2026;09:35;2.34;2.35;2.33;2.33;2.34;1938959;0
29.03.2026;09:36;2.33;2.33;2.33;2.33;2.33;13747;0
29.03.2026;09:37;2.33;2.34;2.33;2.34;2.33;1375355;0
29.03.2026;09:38;2.34;2.34;2.33;2.33;2.33;41108;0
29.03.2026;09:39;2.34;2.34;2.33;2.33;2.33;723570;0
29.03.2026;09:40;2.33;2.33;2.33;2.33;2.33;3728;0
29.03.2026;09:41;2.33;2.34;2.33;2.34;2.33;11933;0
29.03.2026;09:42;2.34;2.34;2.34;2.34;2.34;50778;0
29.03.2026;09:43;2.34;2.34;2.33;2.33;2.33;387899;0
29.03.2026;09:44;2.33;2.33;2.33;2.33;2.33;75026;0
29.03.2026;09:46;2.33;2.34;2.33;2.34;2.33;396931;0
29.03.2026;09:47;2.34;2.34;2.33;2.33;2.33;170790;0
29.03.2026;09:48;2.33;2.33;2.33;2.33;2.33;10485;0
29.03.2026;09:51;2.33;2.34;2.33;2.34;2.33;91941;0
29.03.2026;09:52;2.34;2.34;2.33;2.34;2.33;7990076;0
29.03.2026;09:53;2.34;2.35;2.34;2.34;2.34;3511903;0
29.03.2026;09:54;2.34;2.35;2.34;2.35;2.34;2754222;0
29.03.2026;09:55;2.34;2.35;2.34;2.35;2.34;68090;0
29.03.2026;09:56;2.35;2.35;2.34;2.35;2.34;2963485;0
29.03.2026;09:57;2.34;2.34;2.34;2.34;2.34;3224988;0
29.03.2026;09:58;2.34;2.34;2.34;2.34;2.34;531414;0
29.03.2026;09:59;2.34;2.34;2.34;2.34;2.34;304200;0
29.03.2026;10:00;2.34;2.35;2.34;2.34;2.34;150060;0
29.03.2026;10:01;2.35;2.35;2.35;2.35;2.35;4820085;0
29.03.2026;10:02;2.34;2.35;2.34;2.35;2.34;272675;0
29.03.2026;10:03;2.35;2.35;2.35;2.35;2.35;11750;0
29.03.2026;10:04;2.35;2.35;2.35;2.35;2.35;26790;0
29.03.2026;10:05;2.34;2.35;2.34;2.35;2.34;4530458;0
29.03.2026;10:06;2.35;2.35;2.34;2.34;2.34;374490;0
29.03.2026;10:07;2.35;2.35;2.34;2.34;2.34;1049044;0
29.03.2026;10:08;2.34;2.34;2.34;2.34;2.34;398502;0
29.03.2026;10:09;2.34;2.35;2.34;2.35;2.34;678393;0
29.03.2026;10:10;2.35;2.35;2.34;2.35;2.34;2605259;0
29.03.2026;10:11;2.35;2.35;2.35;2.35;2.35;244400;0
29.03.2026;10:12;2.35;2.36;2.34;2.35;2.35;7704976;0
29.03.2026;10:13;2.35;2.35;2.35;2.35;2.35;211735;0
29.03.2026;10:14;2.35;2.35;2.34;2.34;2.34;1029011;0
29.03.2026;10:15;2.35;2.35;2.35;2.35;2.35;124315;0
29.03.2026;10:16;2.35;2.35;2.35;2.35;2.35;548255;0
29.03.2026;10:17;2.35;2.35;2.35;2.35;2.35;139590;0
29.03.2026;10:18;2.35;2.35;2.35;2.35;2.35;488095;0
29.03.2026;10:19;2.35;2.35;2.34;2.35;2.34;319735;0
29.03.2026;10:20;2.35;2.35;2.34;2.35;2.34;791889;0
29.03.2026;10:21;2.35;2.35;2.34;2.34;2.34;4588600;0
29.03.2026;10:22;2.35;2.35;2.34;2.35;2.34;4846151;0
29.03.2026;10:23;2.35;2.35;2.35;2.35;2.35;5010435;0
29.03.2026;10:24;2.35;2.35;2.34;2.35;2.34;4330835;0
29.03.2026;10:25;2.35;2.35;2.34;2.35;2.34;4793750;0
29.03.2026;10:26;2.35;2.35;2.34;2.35;2.34;53579;0
29.03.2026;10:27;2.35;2.35;2.34;2.34;2.34;8447569;0
29.03.2026;10:28;2.34;2.34;2.33;2.34;2.33;2540668;0
29.03.2026;10:29;2.34;2.34;2.34;2.34;2.34;1170000;0
29.03.2026;10:30;2.34;2.34;2.33;2.33;2.33;77200;0
29.03.2026;10:31;2.34;2.34;2.34;2.34;2.34;269568;0
29.03.2026;10:32;2.33;2.34;2.33;2.33;2.33;12848028;0
29.03.2026;10:33;2.33;2.33;2.32;2.32;2.32;27461;0
29.03.2026;10:34;2.33;2.33;2.33;2.33;2.33;269581;0
29.03.2026;10:35;2.33;2.33;2.32;2.33;2.32;25530;0
29.03.2026;10:36;2.32;2.32;2.32;2.32;2.32;2320000;0
29.03.2026;10:37;2.33;2.33;2.32;2.32;2.32;7516179;0
29.03.2026;10:38;2.32;2.32;2.32;2.32;2.32;4810520;0
29.03.2026;10:39;2.32;2.33;2.32;2.33;2.32;2786206;0
29.03.2026;10:40;2.33;2.33;2.32;2.33;2.32;674683;0
29.03.2026;10:41;2.33;2.33;2.32;2.32;2.32;46866;0
29.03.2026;10:42;2.33;2.33;2.32;2.33;2.32;772973;0
29.03.2026;10:43;2.32;2.33;2.32;2.32;2.32;1119856;0
29.03.2026;10:44;2.32;2.32;2.32;2.32;2.32;4872;0
29.03.2026;10:45;2.33;2.33;2.32;2.32;2.32;87466;0
29.03.2026;10:46;2.32;2.33;2.32;2.32;2.32;500415;0
29.03.2026;10:47;2.32;2.33;2.32;2.33;2.32;17698;0
29.03.2026;10:48;2.33;2.33;2.32;2.33;2.32;39813;0
29.03.2026;10:49;2.33;2.33;2.32;2.33;2.32;357425;0
29.03.2026;10:50;2.33;2.33;2.33;2.33;2.33;35416;0
29.03.2026;10:51;2.33;2.33;2.33;2.33;2.33;34018;0
29.03.2026;10:52;2.33;2.33;2.33;2.33;2.33;301735;0
29.03.2026;10:53;2.33;2.33;2.32;2.33;2.32;341676;0
29.03.2026;10:54;2.33;2.33;2.32;2.33;2.32;232148;0
29.03.2026;10:55;2.33;2.33;2.33;2.33;2.33;302201;0
29.03.2026;10:56;2.33;2.33;2.33;2.33;2.33;34717;0
29.03.2026;10:57;2.33;2.33;2.33;2.33;2.33;443166;0
29.03.2026;10:58;2.33;2.33;2.33;2.33;2.33;304531;0
29.03.2026;10:59;2.33;2.33;2.33;2.33;2.33;68269;0
29.03.2026;11:00;2.33;2.33;2.32;2.33;2.32;57917;0
29.03.2026;11:01;2.33;2.33;2.32;2.33;2.32;7702434;0
29.03.2026;11:02;2.32;2.33;2.32;2.32;2.32;843157;0
29.03.2026;11:03;2.32;2.33;2.32;2.33;2.32;1266252;0
29.03.2026;11:04;2.33;2.33;2.32;2.32;2.32;274682;0
29.03.2026;11:05;2.33;2.33;2.33;2.33;2.33;156809;0
29.03.2026;11:06;2.33;2.33;2.33;2.33;2.33;14679;0
29.03.2026;11:07;2.33;2.33;2.32;2.33;2.32;397243;0
29.03.2026;11:08;2.33;2.33;2.32;2.33;2.32;34016;0
29.03.2026;11:09;2.33;2.33;2.33;2.33;2.33;39610;0
29.03.2026;11:10;2.33;2.33;2.32;2.33;2.32;836934;0
29.03.2026;11:11;2.33;2.34;2.32;2.34;2.33;4420407;0
29.03.2026;11:12;2.34;2.34;2.33;2.34;2.33;187000;0
29.03.2026;11:13;2.34;2.34;2.34;2.34;2.34;300690;0
29.03.2026;11:14;2.34;2.34;2.34;2.34;2.34;33228;0
29.03.2026;11:15;2.34;2.34;2.33;2.34;2.33;54888;0
29.03.2026;11:16;2.34;2.34;2.33;2.34;2.33;553695;0
29.03.2026;11:17;2.34;2.34;2.34;2.34;2.34;31356;0
29.03.2026;11:18;2.34;2.34;2.33;2.34;2.33;100350;0
29.03.2026;11:19;2.34;2.34;2.33;2.34;2.33;356289;0
29.03.2026;11:20;2.34;2.34;2.33;2.34;2.33;99200;0
29.03.2026;11:21;2.34;2.34;2.34;2.34;2.34;163332;0
29.03.2026;11:22;2.34;2.34;2.33;2.33;2.33;5927862;0
29.03.2026;11:23;2.33;2.33;2.33;2.33;2.33;116500;0
29.03.2026;11:24;2.33;2.33;2.33;2.33;2.33;2330;0
29.03.2026;11:25;2.33;2.33;2.33;2.33;2.33;268183;0
29.03.2026;11:28;2.33;2.34;2.32;2.33;2.33;5082679;0
29.03.2026;11:29;2.32;2.32;2.32;2.32;2.32;23200;0
29.03.2026;11:31;2.33;2.33;2.33;2.33;2.33;734183;0
29.03.2026;11:32;2.33;2.33;2.33;2.33;2.33;466;0
29.03.2026;11:34;2.33;2.33;2.33;2.33;2.33;2555544;0
29.03.2026;11:35;2.34;2.34;2.34;2.34;2.34;234468;0
29.03.2026;11:37;2.34;2.34;2.34;2.34;2.34;501930;0
29.03.2026;11:38;2.34;2.34;2.34;2.34;2.34;63882;0
29.03.2026;11:39;2.34;2.34;2.33;2.34;2.33;25037;0
29.03.2026;11:40;2.34;2.34;2.33;2.33;2.33;532263;0
29.03.2026;11:41;2.34;2.34;2.34;2.34;2.34;209430;0
29.03.2026;11:42;2.34;2.34;2.34;2.34;2.34;27612;0
29.03.2026;11:43;2.34;2.34;2.34;2.34;2.34;310518;0
29.03.2026;11:44;2.34;2.34;2.34;2.34;2.34;233532;0
29.03.2026;11:45;2.34;2.34;2.33;2.34;2.33;309561;0
29.03.2026;11:46;2.34;2.34;2.34;2.34;2.34;298818;0
29.03.2026;11:47;2.34;2.34;2.34;2.34;2.34;126360;0
29.03.2026;11:48;2.34;2.34;2.34;2.34;2.34;38610;0
29.03.2026;11:49;2.34;2.34;2.34;2.34;2.34;674154;0
29.03.2026;11:50;2.34;2.34;2.34;2.34;2.34;62946;0
29.03.2026;11:51;2.34;2.34;2.34;2.34;2.34;373464;0
29.03.2026;11:52;2.34;2.34;2.33;2.34;2.33;396611;0
29.03.2026;11:53;2.34;2.34;2.33;2.34;2.33;36703;0
29.03.2026;11:54;2.34;2.34;2.33;2.33;2.33;83301;0
29.03.2026;11:55;2.34;2.34;2.33;2.34;2.33;305125;0
29.03.2026;11:56;2.34;2.34;2.34;2.34;2.34;277056;0
29.03.2026;11:57;2.34;2.34;2.34;2.34;2.34;27378;0
29.03.2026;11:58;2.34;2.34;2.34;2.34;2.34;297882;0
29.03.2026;11:59;2.34;2.34;2.34;2.34;2.34;260208;0
29.03.2026;12:00;2.34;2.34;2.33;2.34;2.33;152961;0
29.03.2026;12:01;2.34;2.34;2.33;2.34;2.33;495719;0
29.03.2026;12:02;2.34;2.34;2.33;2.34;2.33;46951;0
29.03.2026;12:03;2.34;2.34;2.33;2.34;2.33;64182;0
29.03.2026;12:04;2.34;2.34;2.34;2.34;2.34;2552706;0
29.03.2026;12:05;2.34;2.34;2.34;2.34;2.34;33228;0
29.03.2026;12:06;2.34;2.34;2.34;2.34;2.34;96408;0
29.03.2026;12:07;2.34;2.34;2.33;2.34;2.33;309340;0
29.03.2026;12:08;2.34;2.34;2.34;2.34;2.34;25272;0
29.03.2026;12:09;2.34;2.34;2.34;2.34;2.34;26910;0
29.03.2026;12:10;2.34;2.34;2.33;2.34;2.33;293201;0
29.03.2026;12:11;2.34;2.34;2.34;2.34;2.34;23868;0
29.03.2026;12:12;2.34;2.34;2.34;2.34;2.34;25038;0
29.03.2026;12:13;2.34;2.34;2.34;2.34;2.34;366210;0
29.03.2026;12:14;2.34;2.34;2.33;2.34;2.33;83712;0
29.03.2026;12:15;2.34;2.34;2.34;2.34;2.34;119574;0
29.03.2026;12:16;2.34;2.34;2.34;2.34;2.34;292500;0
29.03.2026;12:17;2.34;2.34;2.34;2.34;2.34;24570;0
29.03.2026;12:18;2.34;2.34;2.33;2.34;2.33;28537;0
29.03.2026;12:19;2.34;2.34;2.33;2.34;2.33;308819;0
29.03.2026;12:20;2.34;2.34;2.33;2.34;2.33;24560;0
29.03.2026;12:21;2.34;2.34;2.33;2.34;2.33;56478;0
29.03.2026;12:22;2.34;2.34;2.34;2.34;2.34;292032;0
29.03.2026;12:23;2.34;2.34;2.34;2.34;2.34;21996;0
29.03.2026;12:24;2.34;2.34;2.33;2.34;2.33;33880;0
29.03.2026;12:25;2.34;2.34;2.33;2.34;2.33;408064;0
29.03.2026;12:26;2.34;2.34;2.33;2.34;2.33;53217;0
29.03.2026;12:27;2.34;2.34;2.34;2.34;2.34;23166;0
29.03.2026;12:28;2.34;2.34;2.33;2.33;2.33;291563;0
29.03.2026;12:29;2.34;2.34;2.34;2.34;2.34;20592;0
29.03.2026;12:30;2.34;2.34;2.34;2.34;2.34;21528;0
29.03.2026;12:31;2.34;2.34;2.34;2.34;2.34;290862;0
29.03.2026;12:32;2.34;2.34;2.33;2.34;2.33;138262;0
29.03.2026;12:33;2.34;2.34;2.33;2.34;2.33;89324;0
29.03.2026;12:34;2.34;2.34;2.33;2.34;2.33;290154;0
29.03.2026;12:35;2.34;2.34;2.34;2.34;2.34;21528;0
29.03.2026;12:36;2.34;2.34;2.34;2.34;2.34;201942;0
29.03.2026;12:37;2.34;2.34;2.34;2.34;2.34;291798;0
29.03.2026;12:38;2.34;2.34;2.33;2.34;2.33;23165;0
29.03.2026;12:39;2.33;2.34;2.33;2.34;2.33;26180;0
29.03.2026;12:40;2.34;2.34;2.34;2.34;2.34;289692;0
29.03.2026;12:41;2.34;2.34;2.33;2.34;2.33;28989;0
29.03.2026;12:42;2.34;2.34;2.34;2.34;2.34;20826;0
29.03.2026;12:43;2.34;2.34;2.34;2.34;2.34;406926;0
29.03.2026;12:44;2.34;2.34;2.34;2.34;2.34;252954;0
29.03.2026;12:45;2.34;2.34;2.33;2.34;2.33;721889;0
29.03.2026;12:46;2.34;2.34;2.33;2.34;2.33;289223;0
29.03.2026;12:47;2.34;2.34;2.34;2.34;2.34;21060;0
29.03.2026;12:48;2.34;2.34;2.34;2.34;2.34;19188;0
29.03.2026;12:49;2.34;2.34;2.34;2.34;2.34;288288;0
29.03.2026;12:50;2.34;2.34;2.33;2.34;2.33;45296;0
29.03.2026;12:51;2.34;2.34;2.33;2.34;2.33;181820;0
29.03.2026;12:52;2.34;2.34;2.34;2.34;2.34;289224;0
29.03.2026;12:53;2.34;2.34;2.34;2.34;2.34;182988;0
29.03.2026;12:54;2.34;2.34;2.34;2.34;2.34;19890;0
29.03.2026;12:55;2.34;2.34;2.34;2.34;2.34;288522;0
29.03.2026;12:56;2.34;2.34;2.34;2.34;2.34;19188;0
29.03.2026;12:57;2.34;2.34;2.33;2.34;2.33;253358;0
29.03.2026;12:58;2.34;2.34;2.33;2.34;2.33;740546;0
29.03.2026;12:59;2.34;2.34;2.33;2.34;2.33;254528;0
29.03.2026;13:00;2.34;2.34;2.34;2.34;2.34;18954;0
29.03.2026;13:01;2.34;2.34;2.34;2.34;2.34;292032;0
29.03.2026;13:02;2.34;2.34;2.33;2.34;2.33;34565;0
29.03.2026;13:03;2.34;2.34;2.33;2.33;2.33;182420;0
29.03.2026;13:04;2.34;2.34;2.34;2.34;2.34;289926;0
29.03.2026;13:05;2.34;2.34;2.34;2.34;2.34;18954;0
29.03.2026;13:06;2.34;2.34;2.34;2.34;2.34;18486;0
29.03.2026;13:07;2.34;2.34;2.34;2.34;2.34;203580;0
29.03.2026;13:08;2.34;2.34;2.33;2.34;2.33;170152;0
29.03.2026;13:09;2.34;2.34;2.33;2.34;2.33;22454;0
29.03.2026;13:10;2.34;2.34;2.33;2.34;2.33;7637206;0
29.03.2026;13:11;2.34;2.34;2.34;2.34;2.34;132912;0
29.03.2026;13:12;2.34;2.34;2.34;2.34;2.34;1872;0
29.03.2026;13:13;2.34;2.34;2.34;2.34;2.34;396162;0
29.03.2026;13:14;2.34;2.34;2.34;2.34;2.34;87048;0
29.03.2026;13:15;2.34;2.34;2.34;2.34;2.34;2106;0
29.03.2026;13:16;2.34;2.34;2.33;2.34;2.33;208862;0
29.03.2026;13:17;2.34;2.34;2.34;2.34;2.34;87750;0
29.03.2026;13:18;2.34;2.34;2.34;2.34;2.34;8658;0
29.03.2026;13:19;2.34;2.34;2.34;2.34;2.34;191412;0
29.03.2026;13:20;2.34;2.34;2.34;2.34;2.34;101790;0
29.03.2026;13:21;2.34;2.34;2.34;2.34;2.34;19656;0
29.03.2026;13:22;2.34;2.34;2.34;2.34;2.34;203346;0
29.03.2026;13:23;2.34;2.34;2.34;2.34;2.34;104832;0
29.03.2026;13:24;2.34;2.34;2.33;2.34;2.33;237744;0
29.03.2026;13:25;2.34;2.34;2.33;2.34;2.33;215250;0
29.03.2026;13:26;2.34;2.34;2.34;2.34;2.34;572598;0
29.03.2026;13:27;2.34;2.34;2.34;2.34;2.34;29484;0
29.03.2026;13:28;2.34;2.34;2.34;2.34;2.34;208260;0
29.03.2026;13:29;2.34;2.34;2.33;2.34;2.33;154229;0
29.03.2026;13:30;2.34;2.34;2.34;2.34;2.34;18954;0
29.03.2026;13:31;2.34;2.34;2.34;2.34;2.34;211068;0
29.03.2026;13:32;2.34;2.34;2.34;2.34;2.34;105300;0
29.03.2026;13:33;2.34;2.34;2.33;2.34;2.33;21523;0
29.03.2026;13:34;2.34;2.34;2.34;2.34;2.34;201942;0
29.03.2026;13:35;2.34;2.34;2.34;2.34;2.34;151866;0
29.03.2026;13:36;2.34;2.34;2.34;2.34;2.34;1071486;0
29.03.2026;13:37;2.34;2.34;2.33;2.34;2.33;278832;0
29.03.2026;13:38;2.34;2.34;2.34;2.34;2.34;106938;0
29.03.2026;13:39;2.34;2.34;2.34;2.34;2.34;18252;0
29.03.2026;13:40;2.34;2.34;2.33;2.34;2.33;1052269;0
29.03.2026;13:41;2.34;2.34;2.34;2.34;2.34;105768;0
29.03.2026;13:42;2.34;2.34;2.34;2.34;2.34;3895398;0
29.03.2026;13:43;2.34;2.34;2.34;2.34;2.34;1139814;0
29.03.2026;13:44;2.34;2.34;2.34;2.34;2.34;338364;0
29.03.2026;13:45;2.34;2.34;2.34;2.34;2.34;19188;0
29.03.2026;13:46;2.34;2.34;2.34;2.34;2.34;437112;0
29.03.2026;13:47;2.34;2.34;2.34;2.34;2.34;105534;0
29.03.2026;13:48;2.34;2.34;2.33;2.34;2.33;42722;0
29.03.2026;13:49;2.34;2.34;2.33;2.34;2.33;237644;0
29.03.2026;13:50;2.34;2.34;2.34;2.34;2.34;340002;0
29.03.2026;13:51;2.34;2.34;2.34;2.34;2.34;19656;0
29.03.2026;13:52;2.34;2.34;2.33;2.34;2.33;212900;0
29.03.2026;13:53;2.34;2.34;2.34;2.34;2.34;105300;0
29.03.2026;13:54;2.34;2.34;2.34;2.34;2.34;35802;0
29.03.2026;13:55;2.34;2.34;2.34;2.34;2.34;201708;0
29.03.2026;13:56;2.34;2.34;2.33;2.34;2.33;397550;0
29.03.2026;13:57;2.34;2.34;2.34;2.34;2.34;488358;0
29.03.2026;13:58;2.34;2.34;2.34;2.34;2.34;435942;0
29.03.2026;13:59;2.34;2.34;2.34;2.34;2.34;240318;0
29.03.2026;14:00;2.34;2.34;2.34;2.34;2.34;19890;0
29.03.2026;14:01;2.34;2.34;2.33;2.33;2.33;213607;0
29.03.2026;14:02;2.34;2.34;2.33;2.34;2.33;136343;0
29.03.2026;14:03;2.34;2.34;2.34;2.34;2.34;311454;0
29.03.2026;14:04;2.34;2.34;2.33;2.34;2.33;400608;0
29.03.2026;14:05;2.34;2.34;2.33;2.34;2.33;125655;0
29.03.2026;14:06;2.34;2.34;2.33;2.34;2.33;55815;0
29.03.2026;14:07;2.34;2.34;2.33;2.34;2.33;3673657;0
29.03.2026;14:08;2.34;2.34;2.33;2.34;2.33;128121;0
29.03.2026;14:09;2.33;2.34;2.33;2.34;2.33;100041;0
29.03.2026;14:10;2.34;2.34;2.34;2.34;2.34;203580;0
29.03.2026;14:11;2.34;2.34;2.34;2.34;2.34;104832;0
29.03.2026;14:12;2.34;2.34;2.33;2.34;2.33;25022;0
29.03.2026;14:13;2.34;2.34;2.33;2.34;2.33;347903;0
29.03.2026;14:14;2.34;2.34;2.34;2.34;2.34;141570;0
29.03.2026;14:15;2.34;2.34;2.33;2.34;2.33;276524;0
29.03.2026;14:16;2.34;2.34;2.33;2.34;2.33;294315;0
29.03.2026;14:17;2.34;2.34;2.33;2.34;2.33;1383524;0
29.03.2026;14:18;2.33;2.33;2.33;2.33;2.33;466466;0
29.03.2026;14:19;2.34;2.34;2.34;2.34;2.34;835848;0
29.03.2026;14:20;2.34;2.34;2.33;2.34;2.33;287114;0
29.03.2026;14:21;2.34;2.34;2.33;2.34;2.33;164178;0
29.03.2026;14:22;2.34;2.34;2.34;2.34;2.34;687726;0
29.03.2026;14:23;2.34;2.34;2.34;2.34;2.34;137592;0
29.03.2026;14:24;2.34;2.34;2.34;2.34;2.34;228618;0
29.03.2026;14:25;2.34;2.34;2.34;2.34;2.34;69966;0
29.03.2026;14:26;2.34;2.34;2.34;2.34;2.34;138060;0
29.03.2026;14:27;2.34;2.34;2.33;2.34;2.33;241928;0
29.03.2026;14:28;2.34;2.34;2.34;2.34;2.34;18252;0
29.03.2026;14:29;2.34;2.34;2.34;2.34;2.34;106938;0
29.03.2026;14:30;2.34;2.34;2.33;2.34;2.33;259874;0
29.03.2026;14:31;2.34;2.34;2.34;2.34;2.34;18486;0
29.03.2026;14:32;2.34;2.34;2.33;2.34;2.33;204511;0
29.03.2026;14:33;2.34;2.34;2.33;2.34;2.33;212001;0
29.03.2026;14:34;2.34;2.34;2.34;2.34;2.34;20358;0
29.03.2026;14:35;2.34;2.34;2.34;2.34;2.34;767052;0
29.03.2026;14:36;2.34;2.34;2.34;2.34;2.34;203814;0
29.03.2026;14:37;2.34;2.34;2.34;2.34;2.34;20826;0
29.03.2026;14:38;2.34;2.34;2.34;2.34;2.34;118170;0
29.03.2026;14:39;2.34;2.34;2.33;2.34;2.33;224587;0
29.03.2026;14:40;2.34;2.34;2.33;2.34;2.33;22930;0
29.03.2026;14:41;2.34;2.34;2.33;2.34;2.33;133964;0
29.03.2026;14:42;2.34;2.34;2.34;2.34;2.34;495612;0
29.03.2026;14:43;2.34;2.34;2.33;2.34;2.33;12170705;0
29.03.2026;14:44;2.34;2.34;2.34;2.34;2.34;2896452;0
29.03.2026;14:45;2.34;2.34;2.33;2.34;2.33;540717;0
29.03.2026;14:46;2.34;2.34;2.34;2.34;2.34;37440;0
29.03.2026;14:47;2.34;2.34;2.33;2.33;2.33;211965;0
29.03.2026;14:48;2.34;2.34;2.34;2.34;2.34;301392;0
29.03.2026;14:49;2.34;2.34;2.34;2.34;2.34;121212;0
29.03.2026;14:50;2.34;2.34;2.33;2.33;2.33;2329918;0
29.03.2026;14:51;2.34;2.34;2.34;2.34;2.34;183690;0
29.03.2026;14:52;2.34;2.34;2.34;2.34;2.34;3510;0
29.03.2026;14:53;2.34;2.34;2.33;2.33;2.33;888182;0
29.03.2026;14:54;2.34;2.34;2.33;2.34;2.33;455054;0
29.03.2026;14:55;2.34;2.34;2.33;2.34;2.33;43658;0
29.03.2026;14:56;2.34;2.34;2.33;2.34;2.33;339938;0
29.03.2026;14:57;2.34;2.34;2.33;2.34;2.33;207070;0
29.03.2026;14:58;2.34;2.34;2.33;2.34;2.33;1010880;0
29.03.2026;14:59;2.34;2.34;2.34;2.34;2.34;139230;0
29.03.2026;15:00;2.34;2.34;2.33;2.34;2.33;264594;0
29.03.2026;15:01;2.34;2.34;2.33;2.34;2.33;137092;0
29.03.2026;15:02;2.34;2.34;2.33;2.34;2.33;167527;0
29.03.2026;15:03;2.34;2.34;2.34;2.34;2.34;262782;0
29.03.2026;15:04;2.34;2.34;2.34;2.34;2.34;126126;0
29.03.2026;15:05;2.34;2.34;2.34;2.34;2.34;105768;0
29.03.2026;15:06;2.34;2.34;2.34;2.34;2.34;474084;0
29.03.2026;15:07;2.34;2.34;2.34;2.34;2.34;33696;0
29.03.2026;15:08;2.33;2.34;2.33;2.34;2.33;1790134;0
29.03.2026;15:09;2.34;2.34;2.33;2.34;2.33;660568;0
29.03.2026;15:10;2.34;2.34;2.34;2.34;2.34;21762;0
29.03.2026;15:11;2.34;2.34;2.34;2.34;2.34;155142;0
29.03.2026;15:12;2.34;2.34;2.33;2.33;2.33;205217;0
29.03.2026;15:13;2.34;2.34;2.33;2.34;2.33;380886;0
29.03.2026;15:14;2.34;2.34;2.33;2.34;2.33;115087;0
29.03.2026;15:15;2.34;2.34;2.34;2.34;2.34;253188;0
29.03.2026;15:16;2.34;2.34;2.33;2.34;2.33;38326;0
29.03.2026;15:17;2.34;2.34;2.33;2.34;2.33;1493430;0
29.03.2026;15:18;2.34;2.34;2.33;2.34;2.33;1159448;0
29.03.2026;15:19;2.34;2.34;2.34;2.34;2.34;21996;0
29.03.2026;15:20;2.34;2.34;2.34;2.34;2.34;1043640;0
29.03.2026;15:21;2.34;2.34;2.34;2.34;2.34;439218;0
29.03.2026;15:22;2.34;2.34;2.34;2.34;2.34;68796;0
29.03.2026;15:23;2.34;2.34;2.33;2.34;2.33;200138;0
29.03.2026;15:24;2.34;2.34;2.33;2.34;2.33;208711;0
29.03.2026;15:25;2.34;2.34;2.33;2.34;2.33;23165;0
29.03.2026;15:26;2.34;2.34;2.34;2.34;2.34;108108;0
29.03.2026;15:27;2.34;2.34;2.34;2.34;2.34;253188;0
29.03.2026;15:28;2.34;2.34;2.34;2.34;2.34;21996;0
29.03.2026;15:29;2.34;2.34;2.34;2.34;2.34;112554;0
29.03.2026;15:30;2.34;2.34;2.34;2.34;2.34;255762;0
29.03.2026;15:31;2.34;2.34;2.34;2.34;2.34;21996;0
29.03.2026;15:32;2.34;2.34;2.34;2.34;2.34;107406;0
29.03.2026;15:33;2.34;2.34;2.33;2.34;2.33;313806;0
29.03.2026;15:34;2.34;2.34;2.34;2.34;2.34;21996;0
29.03.2026;15:35;2.34;2.34;2.34;2.34;2.34;108342;0
29.03.2026;15:36;2.34;2.34;2.34;2.34;2.34;212004;0
29.03.2026;15:37;2.34;2.34;2.34;2.34;2.34;21996;0
29.03.2026;15:38;2.34;2.34;2.33;2.34;2.33;4563062;0
29.03.2026;15:39;2.34;2.34;2.33;2.34;2.33;445536;0
29.03.2026;15:40;2.34;2.34;2.34;2.34;2.34;23868;0
29.03.2026;15:41;2.34;2.34;2.34;2.34;2.34;108810;0
29.03.2026;15:42;2.34;2.34;2.34;2.34;2.34;206622;0
29.03.2026;15:43;2.34;2.34;2.34;2.34;2.34;21996;0
29.03.2026;15:44;2.34;2.34;2.34;2.34;2.34;109746;0
29.03.2026;15:45;2.34;2.34;2.34;2.34;2.34;206622;0
29.03.2026;15:46;2.34;2.34;2.33;2.34;2.33;69298;0
29.03.2026;15:47;2.34;2.34;2.34;2.34;2.34;109512;0
29.03.2026;15:48;2.34;2.34;2.33;2.34;2.33;496468;0
29.03.2026;15:49;2.34;2.34;2.33;2.34;2.33;1588770;0
29.03.2026;15:50;2.34;2.34;2.33;2.33;2.33;1781688;0
29.03.2026;15:51;2.33;2.34;2.33;2.34;2.33;2594308;0
29.03.2026;15:52;2.33;2.34;2.32;2.34;2.33;26253420;0
29.03.2026;15:53;2.34;2.34;2.34;2.34;2.34;1544634;0
29.03.2026;15:54;2.33;2.34;2.33;2.33;2.33;2612686;0
29.03.2026;15:55;2.34;2.34;2.34;2.34;2.34;2316600;0
29.03.2026;15:56;2.34;2.34;2.33;2.33;2.33;435944;0
29.03.2026;15:57;2.33;2.34;2.33;2.34;2.33;3616324;0
29.03.2026;15:58;2.34;2.34;2.34;2.34;2.34;21762;0
29.03.2026;15:59;2.34;2.34;2.34;2.34;2.34;85644;0
29.03.2026;16:00;2.34;2.34;2.34;2.34;2.34;187200;0
29.03.2026;16:01;2.34;2.34;2.33;2.34;2.33;480742;0
29.03.2026;16:02;2.34;2.34;2.34;2.34;2.34;409968;0
29.03.2026;16:03;2.34;2.34;2.34;2.34;2.34;325962;0
29.03.2026;16:04;2.34;2.34;2.33;2.34;2.33;257570;0
29.03.2026;16:05;2.34;2.34;2.33;2.34;2.33;674541;0
29.03.2026;16:06;2.34;2.34;2.34;2.34;2.34;208494;0
29.03.2026;16:07;2.34;2.34;2.34;2.34;2.34;133614;0
29.03.2026;16:08;2.34;2.34;2.34;2.34;2.34;109044;0
29.03.2026;16:09;2.34;2.34;2.32;2.33;2.33;12086320;0
29.03.2026;16:10;2.32;2.33;2.32;2.33;2.32;39260;0
29.03.2026;16:11;2.33;2.33;2.33;2.33;2.33;88773;0
29.03.2026;16:12;2.33;2.33;2.33;2.33;2.33;182905;0
29.03.2026;16:13;2.33;2.33;2.32;2.32;2.32;9064685;0
29.03.2026;16:14;2.33;2.33;2.32;2.32;2.32;204989;0
29.03.2026;16:15;2.33;2.33;2.33;2.33;2.33;183604;0
29.03.2026;16:16;2.32;2.32;2.32;2.32;2.32;6960;0
29.03.2026;16:17;2.32;2.33;2.32;2.33;2.32;88064;0
29.03.2026;16:18;2.33;2.33;2.33;2.33;2.33;193157;0
29.03.2026;16:19;2.33;2.33;2.32;2.33;2.32;521866;0
29.03.2026;16:20;2.33;2.33;2.32;2.33;2.32;110674;0
29.03.2026;16:21;2.33;2.33;2.32;2.33;2.32;390664;0
29.03.2026;16:22;2.33;2.33;2.32;2.33;2.32;800047;0
29.03.2026;16:23;2.32;2.33;2.32;2.32;2.32;233866;0
29.03.2026;16:24;2.33;2.33;2.32;2.33;2.32;445869;0
29.03.2026;16:25;2.33;2.33;2.32;2.33;2.32;104745;0
29.03.2026;16:26;2.33;2.33;2.33;2.33;2.33;109976;0
29.03.2026;16:27;2.33;2.33;2.32;2.33;2.32;32700736;0
29.03.2026;16:28;2.32;2.33;2.32;2.33;2.32;3865148;0
29.03.2026;16:29;2.33;2.33;2.33;2.33;2.33;396100;0
29.03.2026;16:30;2.33;2.33;2.33;2.33;2.33;188963;0
29.03.2026;16:31;2.33;2.33;2.33;2.33;2.33;23300;0
29.03.2026;16:32;2.33;2.33;2.33;2.33;2.33;91802;0
29.03.2026;16:33;2.33;2.33;2.33;2.33;2.33;699233;0
29.03.2026;16:34;2.33;2.33;2.33;2.33;2.33;233;0
29.03.2026;16:35;2.33;2.33;2.33;2.33;2.33;1469531;0
29.03.2026;16:36;2.32;2.33;2.32;2.33;2.32;2786;0
29.03.2026;16:37;2.33;2.33;2.32;2.33;2.32;11872;0
29.03.2026;16:38;2.33;2.33;2.32;2.33;2.32;110207;0
29.03.2026;16:39;2.33;2.33;2.32;2.33;2.32;257398;0
29.03.2026;16:40;2.33;2.33;2.33;2.33;2.33;27960;0
29.03.2026;16:41;2.33;2.33;2.33;2.33;2.33;111840;0
29.03.2026;16:42;2.33;2.33;2.32;2.32;2.32;84795;0
29.03.2026;16:43;2.33;2.33;2.32;2.32;2.32;53230;0
29.03.2026;16:44;2.33;2.33;2.32;2.33;2.32;188872;0
29.03.2026;16:45;2.33;2.33;2.33;2.33;2.33;26329;0
29.03.2026;16:46;2.33;2.33;2.32;2.33;2.32;49757;0
29.03.2026;16:47;2.33;2.33;2.32;2.33;2.32;135799;0
29.03.2026;16:48;2.33;2.33;2.32;2.33;2.32;28181;0
29.03.2026;16:49;2.33;2.33;2.33;2.33;2.33;27727;0
29.03.2026;16:50;2.33;2.33;2.33;2.33;2.33;112772;0
29.03.2026;16:51;2.33;2.33;2.32;2.33;2.32;154395;0
29.03.2026;16:52;2.33;2.33;2.33;2.33;2.33;30756;0
29.03.2026;16:53;2.33;2.33;2.32;2.33;2.32;113235;0
29.03.2026;16:54;2.33;2.33;2.32;2.33;2.32;294757;0
29.03.2026;16:55;2.33;2.33;2.33;2.33;2.33;27261;0
29.03.2026;16:56;2.33;2.33;2.33;2.33;2.33;112073;0
29.03.2026;16:57;2.33;2.33;2.33;2.33;2.33;27494;0
29.03.2026;16:58;2.33;2.33;2.33;2.33;2.33;26096;0
29.03.2026;16:59;2.33;2.33;2.32;2.33;2.32;159403;0
29.03.2026;17:00;2.33;2.33;2.32;2.33;2.32;305660;0
29.03.2026;17:01;2.33;2.33;2.32;2.33;2.32;51621;0
29.03.2026;17:02;2.33;2.33;2.33;2.33;2.33;114170;0
29.03.2026;17:03;2.33;2.33;2.33;2.33;2.33;28892;0
29.03.2026;17:04;2.33;2.33;2.32;2.33;2.32;108000;0
29.03.2026;17:05;2.33;2.33;2.32;2.33;2.32;112531;0
29.03.2026;17:06;2.33;2.33;2.32;2.33;2.32;232818;0
29.03.2026;17:07;2.32;2.33;2.32;2.33;2.32;22833;0
29.03.2026;17:08;2.33;2.33;2.32;2.33;2.32;506007;0
29.03.2026;17:09;2.33;2.33;2.32;2.33;2.32;513279;0
29.03.2026;17:10;2.33;2.33;2.32;2.33;2.32;875459;0
29.03.2026;17:11;2.33;2.33;2.32;2.33;2.32;159634;0
29.03.2026;17:12;2.33;2.33;2.32;2.33;2.32;233521;0
29.03.2026;17:13;2.32;2.33;2.32;2.33;2.32;185717;0
29.03.2026;17:14;2.32;2.33;2.32;2.33;2.32;320418;0
29.03.2026;17:15;2.33;2.33;2.32;2.32;2.32;205904;0
29.03.2026;17:16;2.32;2.33;2.32;2.32;2.32;4897633;0
29.03.2026;17:17;2.32;2.32;2.32;2.32;2.32;232;0
29.03.2026;17:18;2.31;2.32;2.31;2.32;2.31;69532;0
29.03.2026;17:19;2.32;2.32;2.31;2.32;2.31;42276;0
29.03.2026;17:20;2.32;2.32;2.31;2.32;2.31;2478671;0
29.03.2026;17:22;2.32;2.32;2.32;2.32;2.32;696;0
29.03.2026;17:23;2.32;2.32;2.31;2.32;2.31;1010840;0
29.03.2026;17:24;2.32;2.32;2.31;2.32;2.31;28516;0
29.03.2026;17:25;2.31;2.32;2.31;2.31;2.31;54519;0
29.03.2026;17:26;2.31;2.32;2.31;2.31;2.31;476758;0
29.03.2026;17:27;2.32;2.32;2.31;2.31;2.31;302747;0
29.03.2026;17:28;2.32;2.32;2.31;2.31;2.31;196252;0
29.03.2026;17:29;2.31;2.32;2.31;2.32;2.31;296635;0
29.03.2026;17:30;2.32;2.32;2.31;2.31;2.31;45177;0
29.03.2026;17:31;2.31;2.33;2.31;2.33;2.32;11250554;0
29.03.2026;17:32;2.33;2.33;2.32;2.33;2.32;185162;0
29.03.2026;17:33;2.33;2.33;2.32;2.32;2.32;4590709;0
29.03.2026;17:34;2.33;2.33;2.32;2.33;2.32;2842070;0
29.03.2026;17:35;2.33;2.33;2.32;2.33;2.32;183490;0
29.03.2026;17:36;2.33;2.33;2.32;2.33;2.32;414651;0
29.03.2026;17:37;2.33;2.33;2.32;2.33;2.32;124424;0
29.03.2026;17:38;2.33;2.33;2.32;2.33;2.32;183482;0
29.03.2026;17:39;2.32;2.33;2.32;2.33;2.32;19109964;0
29.03.2026;17:40;2.34;2.34;2.33;2.34;2.33;49136;0
29.03.2026;17:41;2.34;2.34;2.33;2.34;2.33;106465;0
29.03.2026;17:42;2.34;2.34;2.33;2.34;2.33;319766;0
29.03.2026;17:43;2.34;2.34;2.33;2.34;2.33;1851715;0
29.03.2026;17:44;2.34;2.34;2.33;2.34;2.33;281044;0
29.03.2026;17:45;2.34;2.34;2.33;2.34;2.33;154630;0
29.03.2026;17:46;2.34;2.34;2.33;2.34;2.33;156272;0
29.03.2026;17:47;2.34;2.34;2.33;2.34;2.33;210934;0
29.03.2026;17:48;2.34;2.34;2.33;2.33;2.33;118292;0
29.03.2026;17:49;2.34;2.34;2.33;2.34;2.33;185636;0
29.03.2026;17:50;2.34;2.34;2.33;2.33;2.33;13453211;0
29.03.2026;17:51;2.33;2.34;2.33;2.33;2.33;203007;0
29.03.2026;17:52;2.33;2.34;2.33;2.33;2.33;112074;0
29.03.2026;17:53;2.33;2.34;2.33;2.33;2.33;733461;0
29.03.2026;17:54;2.33;2.34;2.33;2.34;2.33;1235877;0
29.03.2026;17:55;2.33;2.34;2.33;2.34;2.33;671744;0
29.03.2026;17:56;2.34;2.34;2.34;2.34;2.34;8205210;0
29.03.2026;17:57;2.34;2.34;2.34;2.34;2.34;621270;0
29.03.2026;17:58;2.34;2.34;2.34;2.34;2.34;44460;0
29.03.2026;17:59;2.34;2.34;2.33;2.34;2.33;4591289;0
29.03.2026;18:00;2.34;2.34;2.34;2.34;2.34;585000;0
29.03.2026;18:01;2.33;2.34;2.33;2.34;2.33;18884;0
29.03.2026;18:02;2.34;2.34;2.33;2.34;2.33;1338135;0
29.03.2026;18:03;2.34;2.34;2.34;2.34;2.34;109044;0
29.03.2026;18:04;2.33;2.34;2.33;2.33;2.33;543924;0
29.03.2026;18:05;2.33;2.34;2.33;2.33;2.33;71070;0
29.03.2026;18:06;2.34;2.34;2.34;2.34;2.34;1404;0
29.03.2026;18:07;2.34;2.34;2.34;2.34;2.34;135252;0
29.03.2026;18:08;2.34;2.34;2.34;2.34;2.34;2340000;0
29.03.2026;18:09;2.33;2.34;2.33;2.34;2.33;120932;0
29.03.2026;18:10;2.34;2.34;2.34;2.34;2.34;58500;0
29.03.2026;18:11;2.33;2.34;2.33;2.34;2.33;914014;0
29.03.2026;18:12;2.34;2.34;2.34;2.34;2.34;12402;0
29.03.2026;18:13;2.33;2.33;2.33;2.33;2.33;81550;0
29.03.2026;18:14;2.33;2.34;2.33;2.34;2.33;21439626;0
30.03.2026;09:35;2.34;2.35;2.34;2.35;2.34;5016686;0
30.03.2026;09:36;2.35;2.35;2.34;2.34;2.34;488712;0
30.03.2026;09:37;2.35;2.35;2.34;2.34;2.34;153992;0
30.03.2026;09:39;2.34;2.35;2.34;2.35;2.34;125690;0
30.03.2026;09:40;2.35;2.35;2.34;2.34;2.34;145968;0
30.03.2026;09:41;2.35;2.35;2.34;2.34;2.34;54028;0
30.03.2026;09:42;2.34;2.34;2.34;2.34;2.34;1171872;0
30.03.2026;09:43;2.34;2.34;2.33;2.34;2.33;3518594;0
30.03.2026;09:44;2.33;2.33;2.33;2.33;2.33;699000;0
30.03.2026;09:45;2.34;2.34;2.33;2.33;2.33;200298;0
30.03.2026;09:46;2.33;2.33;2.33;2.33;2.33;2330;0
30.03.2026;09:47;2.33;2.33;2.33;2.33;2.33;346238;0
30.03.2026;09:49;2.33;2.33;2.33;2.33;2.33;1864;0
30.03.2026;09:50;2.34;2.34;2.33;2.34;2.33;98275;0
30.03.2026;09:52;2.34;2.34;2.33;2.33;2.33;865406;0
30.03.2026;09:55;2.33;2.33;2.33;2.33;2.33;199914;0
30.03.2026;09:56;2.33;2.33;2.33;2.33;2.33;72463;0
30.03.2026;09:58;2.33;2.33;2.33;2.33;2.33;233;0
30.03.2026;10:00;2.33;2.34;2.33;2.34;2.33;325969;0
30.03.2026;10:01;2.33;2.34;2.33;2.34;2.33;418844;0
30.03.2026;10:02;2.34;2.34;2.34;2.34;2.34;2808;0
30.03.2026;10:03;2.34;2.34;2.33;2.33;2.33;712741;0
30.03.2026;10:04;2.33;2.33;2.33;2.33;2.33;4660;0
30.03.2026;10:05;2.33;2.34;2.33;2.34;2.33;7567437;0
30.03.2026;10:06;2.34;2.34;2.33;2.33;2.33;117899;0
30.03.2026;10:07;2.33;2.33;2.33;2.33;2.33;114170;0
30.03.2026;10:08;2.33;2.33;2.32;2.32;2.32;14943492;0
30.03.2026;10:09;2.32;2.33;2.32;2.32;2.32;9133610;0
30.03.2026;10:10;2.31;2.31;2.31;2.31;2.31;529914;0
30.03.2026;10:11;2.31;2.32;2.31;2.31;2.31;9657653;0
30.03.2026;10:12;2.31;2.32;2.31;2.31;2.31;492035;0
30.03.2026;10:13;2.31;2.32;2.31;2.32;2.31;2145112;0
30.03.2026;10:14;2.32;2.32;2.31;2.32;2.31;8086773;0
30.03.2026;10:15;2.32;2.32;2.31;2.32;2.31;267915;0
30.03.2026;10:16;2.31;2.32;2.31;2.32;2.31;647297;0
30.03.2026;10:17;2.32;2.32;2.31;2.31;2.31;6929999;0
30.03.2026;10:18;2.32;2.32;2.31;2.32;2.31;3932560;0
30.03.2026;10:19;2.31;2.32;2.31;2.31;2.31;462232;0
30.03.2026;10:20;2.31;2.32;2.31;2.31;2.31;1474413;0
30.03.2026;10:21;2.32;2.33;2.31;2.32;2.32;11881277;0
30.03.2026;10:22;2.32;2.33;2.32;2.32;2.32;487800;0
30.03.2026;10:23;2.32;2.33;2.32;2.33;2.32;296236;0
30.03.2026;10:24;2.33;2.33;2.32;2.32;2.32;1934400;0
30.03.2026;10:25;2.32;2.32;2.32;2.32;2.32;1666920;0
30.03.2026;10:26;2.32;2.33;2.32;2.33;2.32;105082;0
30.03.2026;10:27;2.33;2.33;2.32;2.33;2.32;11404202;0
30.03.2026;10:28;2.33;2.33;2.32;2.33;2.32;165386;0
30.03.2026;10:29;2.33;2.33;2.33;2.33;2.33;176148;0
30.03.2026;10:30;2.32;2.33;2.32;2.33;2.32;604438;0
30.03.2026;10:31;2.33;2.33;2.32;2.33;2.32;151785;0
30.03.2026;10:32;2.32;2.33;2.32;2.33;2.32;145691;0
30.03.2026;10:33;2.32;2.33;2.32;2.33;2.32;3765524;0
30.03.2026;10:34;2.33;2.33;2.33;2.33;2.33;112772;0
30.03.2026;10:35;2.33;2.33;2.33;2.33;2.33;233000;0
30.03.2026;10:36;2.33;2.33;2.32;2.32;2.32;540460;0
30.03.2026;10:37;2.33;2.33;2.32;2.33;2.32;6066840;0
30.03.2026;10:38;2.33;2.33;2.32;2.33;2.32;935859;0
30.03.2026;10:39;2.32;2.34;2.32;2.34;2.33;5940053;0
30.03.2026;10:40;2.34;2.35;2.33;2.34;2.34;22114788;0
30.03.2026;10:41;2.34;2.35;2.33;2.34;2.34;17116772;0
30.03.2026;10:42;2.34;2.35;2.34;2.35;2.34;8941299;0
30.03.2026;10:43;2.34;2.35;2.34;2.35;2.34;4909408;0
30.03.2026;10:44;2.35;2.35;2.34;2.35;2.34;4977815;0
30.03.2026;10:45;2.35;2.35;2.34;2.35;2.34;2923828;0
30.03.2026;10:46;2.34;2.35;2.34;2.34;2.34;1283080;0
30.03.2026;10:47;2.35;2.35;2.34;2.35;2.34;1530320;0
30.03.2026;10:48;2.34;2.35;2.34;2.34;2.34;3142879;0
30.03.2026;10:49;2.35;2.35;2.34;2.35;2.34;1479530;0
30.03.2026;10:50;2.35;2.35;2.34;2.34;2.34;2096956;0
30.03.2026;10:51;2.35;2.35;2.34;2.34;2.34;6371685;0
30.03.2026;10:52;2.35;2.35;2.34;2.35;2.34;193170;0
30.03.2026;10:53;2.34;2.35;2.34;2.35;2.34;116300;0
30.03.2026;10:54;2.34;2.34;2.34;2.34;2.34;7475130;0
30.03.2026;10:55;2.34;2.34;2.33;2.34;2.33;2279784;0
30.03.2026;10:57;2.34;2.34;2.33;2.34;2.33;602934;0
30.03.2026;10:58;2.34;2.34;2.33;2.33;2.33;217086;0
30.03.2026;10:59;2.34;2.34;2.33;2.34;2.33;869948;0
30.03.2026;11:00;2.33;2.34;2.33;2.34;2.33;232966;0
30.03.2026;11:01;2.33;2.33;2.33;2.33;2.33;11883;0
30.03.2026;11:02;2.34;2.34;2.34;2.34;2.34;295542;0
30.03.2026;11:03;2.34;2.34;2.34;2.34;2.34;427986;0
30.03.2026;11:04;2.34;2.34;2.33;2.34;2.33;1140010;0
30.03.2026;11:05;2.34;2.34;2.33;2.34;2.33;182268;0
30.03.2026;11:06;2.34;2.34;2.34;2.34;2.34;298584;0
30.03.2026;11:07;2.33;2.34;2.33;2.34;2.33;3534332;0
30.03.2026;11:08;2.33;2.33;2.33;2.33;2.33;209700;0
30.03.2026;11:09;2.34;2.34;2.33;2.34;2.33;718452;0
30.03.2026;11:10;2.33;2.33;2.33;2.33;2.33;3456555;0
30.03.2026;11:11;2.34;2.34;2.33;2.33;2.33;116800;0
30.03.2026;11:12;2.33;2.34;2.33;2.34;2.33;4975910;0
30.03.2026;11:13;2.33;2.34;2.33;2.34;2.33;7464046;0
30.03.2026;11:14;2.34;2.34;2.33;2.34;2.33;822026;0
30.03.2026;11:15;2.34;2.34;2.33;2.33;2.33;395434;0
30.03.2026;11:16;2.34;2.34;2.33;2.33;2.33;2350347;0
30.03.2026;11:17;2.34;2.34;2.33;2.33;2.33;548794;0
30.03.2026;11:18;2.33;2.34;2.33;2.34;2.33;346422;0
30.03.2026;11:19;2.34;2.34;2.34;2.34;2.34;206622;0
30.03.2026;11:20;2.33;2.33;2.33;2.33;2.33;327365;0
30.03.2026;11:21;2.33;2.33;2.33;2.33;2.33;582500;0
30.03.2026;11:22;2.33;2.34;2.33;2.33;2.33;353643;0
30.03.2026;11:23;2.33;2.33;2.33;2.33;2.33;99025;0
30.03.2026;11:24;2.33;2.33;2.33;2.33;2.33;116267;0
30.03.2026;11:25;2.33;2.33;2.33;2.33;2.33;29358;0
30.03.2026;11:26;2.33;2.33;2.33;2.33;2.33;2035954;0
30.03.2026;11:27;2.33;2.34;2.33;2.34;2.33;1071050;0
30.03.2026;11:28;2.33;2.33;2.33;2.33;2.33;1659892;0
30.03.2026;11:29;2.33;2.34;2.33;2.34;2.33;17709;0
30.03.2026;11:30;2.34;2.34;2.33;2.34;2.33;191130;0
30.03.2026;11:31;2.33;2.34;2.33;2.33;2.33;304562;0
30.03.2026;11:32;2.33;2.33;2.33;2.33;2.33;77822;0
30.03.2026;11:33;2.33;2.33;2.33;2.33;2.33;5951752;0
30.03.2026;11:34;2.33;2.33;2.33;2.33;2.33;490698;0
30.03.2026;11:35;2.33;2.33;2.33;2.33;2.33;159605;0
30.03.2026;11:36;2.33;2.34;2.33;2.34;2.33;99440;0
30.03.2026;11:37;2.33;2.33;2.33;2.33;2.33;141664;0
30.03.2026;11:38;2.33;2.33;2.33;2.33;2.33;119995;0
30.03.2026;11:39;2.33;2.33;2.33;2.33;2.33;89006;0
30.03.2026;11:40;2.34;2.34;2.33;2.34;2.33;60889;0
30.03.2026;11:41;2.33;2.34;2.33;2.33;2.33;60814;0
30.03.2026;11:42;2.33;2.34;2.33;2.33;2.33;5024288;0
30.03.2026;11:43;2.34;2.34;2.33;2.33;2.33;1357271;0
30.03.2026;11:44;2.33;2.34;2.33;2.33;2.33;642418;0
30.03.2026;11:45;2.33;2.34;2.33;2.33;2.33;184819;0
30.03.2026;11:46;2.33;2.34;2.33;2.34;2.33;21200596;0
30.03.2026;11:47;2.33;2.34;2.32;2.33;2.33;15607051;0
30.03.2026;11:48;2.33;2.34;2.33;2.33;2.33;12780601;0
30.03.2026;11:49;2.33;2.33;2.32;2.33;2.32;7649156;0
30.03.2026;11:50;2.33;2.33;2.33;2.33;2.33;18182156;0
30.03.2026;11:51;2.33;2.34;2.32;2.32;2.33;19430256;0
30.03.2026;11:52;2.33;2.34;2.32;2.33;2.33;4481936;0
30.03.2026;11:53;2.33;2.34;2.33;2.33;2.33;9852501;0
30.03.2026;11:54;2.33;2.34;2.33;2.33;2.33;2032701;0
30.03.2026;11:55;2.33;2.33;2.33;2.33;2.33;56619;0
30.03.2026;11:56;2.33;2.33;2.33;2.33;2.33;4194;0
30.03.2026;11:57;2.33;2.33;2.33;2.33;2.33;932;0
30.03.2026;11:58;2.33;2.33;2.33;2.33;2.33;139800;0
30.03.2026;11:59;2.33;2.33;2.33;2.33;2.33;4286268;0
30.03.2026;12:00;2.33;2.33;2.33;2.33;2.33;873284;0
30.03.2026;12:01;2.32;2.33;2.32;2.32;2.32;234553;0
30.03.2026;12:02;2.32;2.32;2.32;2.32;2.32;452400;0
30.03.2026;12:03;2.32;2.33;2.32;2.32;2.32;603433;0
30.03.2026;12:04;2.33;2.33;2.32;2.32;2.32;24131;0
30.03.2026;12:05;2.33;2.33;2.33;2.33;2.33;49396;0
30.03.2026;12:06;2.32;2.32;2.32;2.32;2.32;3016;0
30.03.2026;12:07;2.32;2.33;2.32;2.33;2.32;232929;0
30.03.2026;12:08;2.32;2.32;2.32;2.32;2.32;85840;0
30.03.2026;12:09;2.32;2.32;2.32;2.32;2.32;464000;0
30.03.2026;12:10;2.32;2.32;2.32;2.32;2.32;1358128;0
30.03.2026;12:11;2.32;2.32;2.32;2.32;2.32;302064;0
30.03.2026;12:12;2.33;2.33;2.32;2.32;2.32;220633;0
30.03.2026;12:13;2.32;2.33;2.32;2.32;2.32;70763;0
30.03.2026;12:14;2.32;2.32;2.32;2.32;2.32;1260224;0
30.03.2026;12:15;2.32;2.33;2.32;2.33;2.32;162633;0
30.03.2026;12:17;2.32;2.32;2.32;2.32;2.32;2552;0
30.03.2026;12:18;2.32;2.33;2.32;2.32;2.32;47098;0
30.03.2026;12:19;2.33;2.33;2.32;2.32;2.32;198131;0
30.03.2026;12:20;2.32;2.32;2.32;2.32;2.32;14384;0
30.03.2026;12:22;2.32;2.33;2.32;2.32;2.32;278865;0
30.03.2026;12:23;2.33;2.33;2.32;2.32;2.32;464233;0
30.03.2026;12:25;2.33;2.33;2.33;2.33;2.33;233;0
30.03.2026;12:26;2.33;2.33;2.32;2.33;2.32;9363104;0
30.03.2026;12:27;2.32;2.33;2.32;2.33;2.32;5294458;0
30.03.2026;12:28;2.33;2.33;2.33;2.33;2.33;466;0
30.03.2026;12:29;2.33;2.33;2.33;2.33;2.33;93666;0
30.03.2026;12:30;2.33;2.33;2.33;2.33;2.33;466;0
30.03.2026;12:31;2.33;2.33;2.33;2.33;2.33;699000;0
30.03.2026;12:32;2.33;2.33;2.33;2.33;2.33;23300;0
30.03.2026;12:33;2.33;2.33;2.33;2.33;2.33;2330000;0
30.03.2026;12:34;2.34;2.34;2.34;2.34;2.34;234;0
30.03.2026;12:35;2.33;2.33;2.33;2.33;2.33;93200;0
30.03.2026;12:36;2.33;2.33;2.33;2.33;2.33;1631000;0
30.03.2026;12:37;2.33;2.33;2.33;2.33;2.33;46600;0
30.03.2026;12:38;2.33;2.33;2.33;2.33;2.33;1165000;0
30.03.2026;12:41;2.33;2.33;2.33;2.33;2.33;163100;0
30.03.2026;12:42;2.33;2.33;2.33;2.33;2.33;116733;0
30.03.2026;12:43;2.33;2.33;2.33;2.33;2.33;19339;0
30.03.2026;12:44;2.33;2.34;2.33;2.34;2.33;32437;0
30.03.2026;12:45;2.33;2.33;2.33;2.33;2.33;7223;0
30.03.2026;12:48;2.33;2.33;2.33;2.33;2.33;2330;0
30.03.2026;12:49;2.33;2.33;2.33;2.33;2.33;1631;0
30.03.2026;12:50;2.33;2.33;2.33;2.33;2.33;3495;0
30.03.2026;12:54;2.33;2.33;2.33;2.33;2.33;689680;0
30.03.2026;12:55;2.33;2.33;2.33;2.33;2.33;23300;0
30.03.2026;12:56;2.33;2.33;2.33;2.33;2.33;466000;0
30.03.2026;12:57;2.33;2.33;2.33;2.33;2.33;1864;0
30.03.2026;12:58;2.34;2.34;2.34;2.34;2.34;9266868;0
30.03.2026;12:59;2.34;2.34;2.34;2.34;2.34;18720;0
30.03.2026;13:01;2.34;2.34;2.33;2.33;2.33;14025;0
30.03.2026;13:02;2.33;2.33;2.33;2.33;2.33;130014;0
30.03.2026;13:04;2.33;2.33;2.33;2.33;2.33;93433;0
30.03.2026;13:05;2.33;2.34;2.33;2.33;2.33;348570;0
30.03.2026;13:06;2.33;2.34;2.33;2.34;2.33;303300;0
30.03.2026;13:07;2.33;2.33;2.33;2.33;2.33;1027297;0
30.03.2026;13:08;2.33;2.33;2.33;2.33;2.33;93200;0
30.03.2026;13:09;2.33;2.33;2.33;2.33;2.33;46600;0
30.03.2026;13:10;2.33;2.33;2.33;2.33;2.33;349500;0
30.03.2026;13:12;2.33;2.33;2.33;2.33;2.33;699;0
30.03.2026;13:13;2.33;2.33;2.33;2.33;2.33;1419902;0
30.03.2026;13:14;2.33;2.34;2.33;2.34;2.33;11673866;0
30.03.2026;13:15;2.34;2.34;2.33;2.33;2.33;123790;0
30.03.2026;13:18;2.33;2.34;2.33;2.33;2.33;502788;0
30.03.2026;13:19;2.33;2.33;2.33;2.33;2.33;466000;0
30.03.2026;13:20;2.33;2.33;2.33;2.33;2.33;23300;0
30.03.2026;13:21;2.33;2.33;2.33;2.33;2.33;44270;0
30.03.2026;13:22;2.33;2.33;2.33;2.33;2.33;46600;0
30.03.2026;13:23;2.33;2.33;2.33;2.33;2.33;350432;0
30.03.2026;13:24;2.33;2.33;2.33;2.33;2.33;1398;0
30.03.2026;13:25;2.33;2.33;2.33;2.33;2.33;30290;0
30.03.2026;13:27;2.33;2.33;2.33;2.33;2.33;35882;0
30.03.2026;13:28;2.33;2.33;2.33;2.33;2.33;20607452;0
30.03.2026;13:29;2.33;2.33;2.33;2.33;2.33;233;0
30.03.2026;13:30;2.33;2.33;2.33;2.33;2.33;34251;0
30.03.2026;13:31;2.33;2.33;2.33;2.33;2.33;745600;0
30.03.2026;13:32;2.33;2.33;2.33;2.33;2.33;23300;0
30.03.2026;13:33;2.33;2.33;2.32;2.32;2.32;2334193;0
30.03.2026;13:34;2.32;2.33;2.32;2.33;2.32;1252801;0
30.03.2026;13:35;2.32;2.33;2.32;2.33;2.32;1764594;0
30.03.2026;13:36;2.32;2.33;2.32;2.32;2.32;2261538;0
30.03.2026;13:37;2.33;2.33;2.32;2.32;2.32;1976874;0
30.03.2026;13:38;2.32;2.33;2.31;2.31;2.32;1516813;0
30.03.2026;13:39;2.32;2.32;2.32;2.32;2.32;8960768;0
30.03.2026;13:40;2.32;2.32;2.32;2.32;2.32;319464;0
30.03.2026;13:41;2.31;2.31;2.31;2.31;2.31;2310;0
30.03.2026;13:43;2.31;2.31;2.31;2.31;2.31;143913;0
30.03.2026;13:44;2.31;2.31;2.31;2.31;2.31;35574;0
30.03.2026;13:45;2.31;2.32;2.31;2.32;2.31;121615;0
30.03.2026;13:47;2.31;2.31;2.31;2.31;2.31;6006462;0
30.03.2026;13:48;2.31;2.31;2.31;2.31;2.31;25565000;0
30.03.2026;13:49;2.31;2.32;2.31;2.31;2.31;6812191;0
30.03.2026;13:50;2.31;2.31;2.31;2.31;2.31;2390619;0
30.03.2026;13:51;2.31;2.32;2.30;2.32;2.31;3188262;0
30.03.2026;13:52;2.31;2.31;2.30;2.31;2.30;102415;0
30.03.2026;13:53;2.31;2.31;2.30;2.31;2.30;1151386;0
30.03.2026;13:54;2.30;2.31;2.30;2.31;2.30;46462;0
30.03.2026;13:55;2.31;2.31;2.30;2.31;2.30;4658883;0
30.03.2026;13:56;2.30;2.31;2.30;2.30;2.30;373293;0
30.03.2026;13:57;2.31;2.31;2.30;2.31;2.30;1151615;0
30.03.2026;13:58;2.31;2.31;2.31;2.31;2.31;2079;0
30.03.2026;13:59;2.31;2.31;2.31;2.31;2.31;266112;0
30.03.2026;14:00;2.31;2.31;2.31;2.31;2.31;6930;0
30.03.2026;14:01;2.31;2.32;2.31;2.31;2.31;10606828;0
30.03.2026;14:03;2.31;2.32;2.31;2.31;2.31;37674;0
30.03.2026;14:04;2.31;2.31;2.30;2.30;2.30;8377200;0
30.03.2026;14:05;2.30;2.30;2.30;2.30;2.30;92000;0
30.03.2026;14:06;2.30;2.30;2.30;2.30;2.30;284510;0
30.03.2026;14:07;2.30;2.30;2.30;2.30;2.30;1045350;0
30.03.2026;14:08;2.30;2.30;2.30;2.30;2.30;230000;0
30.03.2026;14:09;2.30;2.31;2.30;2.30;2.30;141014;0
30.03.2026;14:10;2.30;2.30;2.30;2.30;2.30;1060300;0
30.03.2026;14:12;2.30;2.31;2.30;2.31;2.30;2035591;0
30.03.2026;14:13;2.31;2.31;2.31;2.31;2.31;462;0
30.03.2026;14:14;2.31;2.31;2.31;2.31;2.31;462;0
30.03.2026;14:15;2.30;2.31;2.30;2.31;2.30;200370;0
30.03.2026;14:16;2.31;2.31;2.31;2.31;2.31;5170704;0
30.03.2026;14:18;2.31;2.31;2.31;2.31;2.31;84084;0
30.03.2026;14:19;2.30;2.30;2.30;2.30;2.30;184000;0
30.03.2026;14:20;2.30;2.30;2.30;2.30;2.30;151800;0
30.03.2026;14:21;2.30;2.32;2.30;2.32;2.31;5706852;0
30.03.2026;14:22;2.31;2.31;2.31;2.31;2.31;231000;0
30.03.2026;14:23;2.31;2.31;2.31;2.31;2.31;565950;0
30.03.2026;14:25;2.32;2.32;2.32;2.32;2.32;406000;0
30.03.2026;14:26;2.32;2.32;2.32;2.32;2.32;1914000;0
30.03.2026;14:27;2.31;2.32;2.31;2.32;2.31;1756172;0
30.03.2026;14:28;2.32;2.32;2.32;2.32;2.32;1740232;0
30.03.2026;14:29;2.32;2.32;2.32;2.32;2.32;1392232;0
30.03.2026;14:30;2.32;2.32;2.32;2.32;2.32;1508464;0
30.03.2026;14:31;2.31;2.32;2.31;2.32;2.31;532800;0
30.03.2026;14:32;2.32;2.32;2.31;2.31;2.31;1043900;0
30.03.2026;14:33;2.32;2.32;2.32;2.32;2.32;9204600;0
30.03.2026;14:34;2.32;2.32;2.32;2.32;2.32;464;0
30.03.2026;14:37;2.33;2.33;2.32;2.32;2.32;1162;0
30.03.2026;14:38;2.32;2.32;2.32;2.32;2.32;46400;0
30.03.2026;14:39;2.32;2.32;2.32;2.32;2.32;92800;0
30.03.2026;14:41;2.32;2.32;2.32;2.32;2.32;48720;0
30.03.2026;14:43;2.33;2.33;2.32;2.32;2.32;5452896;0
30.03.2026;14:44;2.32;2.32;2.32;2.32;2.32;928;0
30.03.2026;14:45;2.32;2.32;2.31;2.31;2.31;20996000;0
30.03.2026;14:46;2.32;2.32;2.32;2.32;2.32;58000;0
30.03.2026;14:47;2.31;2.32;2.31;2.32;2.31;12062;0
30.03.2026;14:48;2.32;2.32;2.31;2.31;2.31;1858664;0
30.03.2026;14:49;2.32;2.32;2.32;2.32;2.32;4581768;0
30.03.2026;14:50;2.33;2.33;2.32;2.32;2.32;299793;0
30.03.2026;14:52;2.32;2.33;2.32;2.33;2.32;1160466;0
30.03.2026;14:53;2.32;2.32;2.32;2.32;2.32;18328;0
30.03.2026;14:55;2.32;2.33;2.32;2.33;2.32;1856233;0
30.03.2026;14:56;2.32;2.33;2.32;2.33;2.32;237126;0
30.03.2026;14:57;2.33;2.33;2.32;2.32;2.32;2885878;0
30.03.2026;14:58;2.32;2.32;2.32;2.32;2.32;464;0
30.03.2026;15:00;2.32;2.32;2.32;2.32;2.32;696000;0
30.03.2026;15:01;2.32;2.32;2.32;2.32;2.32;1427728;0
30.03.2026;15:02;2.31;2.32;2.31;2.32;2.31;1079574;0
30.03.2026;15:03;2.32;2.32;2.31;2.31;2.31;292602;0
30.03.2026;15:04;2.32;2.32;2.32;2.32;2.32;130384;0
30.03.2026;15:05;2.31;2.31;2.31;2.31;2.31;2310;0
30.03.2026;15:06;2.31;2.31;2.31;2.31;2.31;161700;0
30.03.2026;15:08;2.32;2.32;2.32;2.32;2.32;7656;0
30.03.2026;15:10;2.31;2.31;2.31;2.31;2.31;115500;0
30.03.2026;15:11;2.32;2.32;2.32;2.32;2.32;2088;0
30.03.2026;15:13;2.31;2.32;2.31;2.32;2.31;12063;0
30.03.2026;15:14;2.32;2.32;2.32;2.32;2.32;73080;0
30.03.2026;15:15;2.31;2.32;2.31;2.32;2.31;567902;0
30.03.2026;15:16;2.32;2.32;2.32;2.32;2.32;232;0
30.03.2026;15:17;2.31;2.32;2.31;2.32;2.31;232159;0
30.03.2026;15:18;2.31;2.32;2.31;2.32;2.31;2495264;0
30.03.2026;15:19;2.31;2.32;2.31;2.32;2.31;23564;0
30.03.2026;15:23;2.32;2.32;2.32;2.32;2.32;464;0
30.03.2026;15:24;2.31;2.31;2.31;2.31;2.31;11666193;0
30.03.2026;15:25;2.31;2.32;2.31;2.32;2.31;1507972;0
30.03.2026;15:26;2.31;2.32;2.30;2.30;2.31;3704740;0
30.03.2026;15:27;2.30;2.31;2.30;2.31;2.30;6674;0
30.03.2026;15:28;2.31;2.31;2.31;2.31;2.31;929082;0
30.03.2026;15:29;2.31;2.31;2.31;2.31;2.31;924924;0
30.03.2026;15:30;2.31;2.31;2.31;2.31;2.31;462462;0
30.03.2026;15:31;2.31;2.31;2.31;2.31;2.31;462;0
30.03.2026;15:32;2.31;2.31;2.31;2.31;2.31;47355;0
30.03.2026;15:33;2.31;2.31;2.31;2.31;2.31;462000;0
30.03.2026;15:34;2.31;2.31;2.31;2.31;2.31;2541;0
30.03.2026;15:36;2.31;2.31;2.31;2.31;2.31;4746588;0
30.03.2026;15:37;2.31;2.32;2.31;2.31;2.31;41812;0
30.03.2026;15:38;2.31;2.31;2.31;2.31;2.31;62832;0
30.03.2026;15:39;2.31;2.31;2.31;2.31;2.31;2471700;0
30.03.2026;15:40;2.31;2.31;2.31;2.31;2.31;3941553;0
30.03.2026;15:41;2.31;2.31;2.31;2.31;2.31;6569871;0
30.03.2026;15:42;2.31;2.31;2.31;2.31;2.31;1709400;0
30.03.2026;15:43;2.31;2.31;2.31;2.31;2.31;3006927;0
30.03.2026;15:44;2.31;2.31;2.30;2.30;2.30;450180;0
30.03.2026;15:45;2.31;2.31;2.30;2.31;2.30;1621610;0
30.03.2026;15:46;2.31;2.31;2.30;2.30;2.30;460835;0
30.03.2026;15:47;2.31;2.31;2.31;2.31;2.31;1386231;0
30.03.2026;15:48;2.31;2.31;2.30;2.31;2.30;1494568;0
30.03.2026;15:49;2.31;2.31;2.31;2.31;2.31;693000;0
30.03.2026;15:50;2.30;2.30;2.30;2.30;2.30;47840;0
30.03.2026;15:52;2.30;2.30;2.30;2.30;2.30;23460;0
30.03.2026;15:53;2.31;2.31;2.31;2.31;2.31;1848000;0
30.03.2026;15:54;2.31;2.31;2.31;2.31;2.31;3917529;0
30.03.2026;15:55;2.30;2.31;2.30;2.31;2.30;2314600;0
30.03.2026;15:56;2.31;2.31;2.31;2.31;2.31;4556244;0
30.03.2026;15:57;2.31;2.31;2.31;2.31;2.31;3189879;0
30.03.2026;15:58;2.31;2.31;2.31;2.31;2.31;1155000;0
30.03.2026;15:59;2.31;2.31;2.31;2.31;2.31;5922147;0
30.03.2026;16:00;2.31;2.31;2.31;2.31;2.31;6098400;0
30.03.2026;16:01;2.31;2.31;2.31;2.31;2.31;16292892;0
30.03.2026;16:02;2.31;2.31;2.31;2.31;2.31;554400;0
30.03.2026;16:03;2.31;2.31;2.31;2.31;2.31;2818200;0
30.03.2026;16:04;2.32;2.32;2.31;2.32;2.31;1953108;0
30.03.2026;16:05;2.31;2.31;2.31;2.31;2.31;31878;0
30.03.2026;16:06;2.31;2.31;2.31;2.31;2.31;808500;0
30.03.2026;16:07;2.31;2.31;2.31;2.31;2.31;2305611;0
30.03.2026;16:08;2.31;2.31;2.31;2.31;2.31;2045967;0
30.03.2026;16:09;2.31;2.31;2.30;2.31;2.30;1078351;0
30.03.2026;16:10;2.30;2.31;2.30;2.31;2.30;2700525;0
30.03.2026;16:11;2.31;2.31;2.31;2.31;2.31;1157541;0
30.03.2026;16:12;2.31;2.31;2.31;2.31;2.31;1216215;0
30.03.2026;16:13;2.30;2.31;2.30;2.31;2.30;1325653;0
30.03.2026;16:14;2.31;2.31;2.31;2.31;2.31;170016;0
30.03.2026;16:15;2.31;2.32;2.31;2.32;2.31;7389633;0
30.03.2026;16:16;2.32;2.32;2.31;2.31;2.31;220611;0
30.03.2026;16:18;2.32;2.32;2.31;2.31;2.31;7287329;0
30.03.2026;16:19;2.31;2.31;2.31;2.31;2.31;53823;0
30.03.2026;16:20;2.31;2.32;2.31;2.31;2.31;420280;0
30.03.2026;16:22;2.32;2.32;2.32;2.32;2.32;232;0
30.03.2026;16:23;2.32;2.32;2.31;2.31;2.31;2709033;0
30.03.2026;16:24;2.32;2.32;2.31;2.32;2.31;3995987;0
30.03.2026;16:25;2.31;2.32;2.31;2.32;2.31;1635930;0
30.03.2026;16:26;2.32;2.32;2.31;2.32;2.31;11116;0
30.03.2026;16:27;2.31;2.32;2.31;2.32;2.31;123454;0
30.03.2026;16:28;2.31;2.32;2.31;2.32;2.31;61689;0
30.03.2026;16:30;2.31;2.31;2.31;2.31;2.31;6930;0
30.03.2026;16:31;2.31;2.32;2.31;2.32;2.31;2561494;0
30.03.2026;16:32;2.32;2.32;2.31;2.32;2.31;2301964;0
30.03.2026;16:33;2.31;2.31;2.31;2.31;2.31;462;0
30.03.2026;16:34;2.31;2.31;2.31;2.31;2.31;15708;0
30.03.2026;16:35;2.32;2.32;2.32;2.32;2.32;25520;0
30.03.2026;16:36;2.32;2.32;2.31;2.31;2.31;849206;0
30.03.2026;16:37;2.31;2.31;2.31;2.31;2.31;2419494;0
30.03.2026;16:38;2.31;2.31;2.31;2.31;2.31;184800;0
30.03.2026;16:39;2.31;2.32;2.31;2.31;2.31;1121330;0
30.03.2026;16:42;2.31;2.31;2.31;2.31;2.31;23100;0
30.03.2026;16:43;2.31;2.31;2.31;2.31;2.31;217371;0
30.03.2026;16:44;2.31;2.31;2.31;2.31;2.31;11550;0
30.03.2026;16:45;2.31;2.31;2.31;2.31;2.31;600831;0
30.03.2026;16:46;2.32;2.32;2.32;2.32;2.32;108576;0
30.03.2026;16:47;2.31;2.32;2.31;2.31;2.31;421001;0
30.03.2026;16:48;2.31;2.32;2.31;2.31;2.31;350433;0
30.03.2026;16:50;2.32;2.32;2.31;2.31;2.31;153484;0
30.03.2026;16:53;2.32;2.32;2.32;2.32;2.32;108576;0
30.03.2026;16:55;2.32;2.32;2.31;2.31;2.31;785684;0
30.03.2026;16:56;2.32;2.32;2.31;2.32;2.31;430267;0
30.03.2026;16:57;2.32;2.32;2.32;2.32;2.32;93496;0
30.03.2026;16:58;2.31;2.32;2.31;2.32;2.31;20240624;0
30.03.2026;16:59;2.32;2.32;2.31;2.31;2.31;15666485;0
30.03.2026;17:00;2.32;2.32;2.32;2.32;2.32;4260448;0
30.03.2026;17:01;2.31;2.32;2.31;2.32;2.31;125230;0
30.03.2026;17:02;2.31;2.32;2.31;2.32;2.31;7170764;0
30.03.2026;17:03;2.31;2.32;2.31;2.32;2.31;6726;0
30.03.2026;17:04;2.32;2.32;2.31;2.31;2.31;184898;0
30.03.2026;17:05;2.32;2.32;2.31;2.31;2.31;4191531;0
30.03.2026;17:06;2.31;2.31;2.31;2.31;2.31;62601;0
30.03.2026;17:07;2.32;2.33;2.32;2.33;2.32;22020294;0
30.03.2026;17:08;2.33;2.33;2.33;2.33;2.33;782181;0
30.03.2026;17:09;2.33;2.33;2.32;2.33;2.32;1281932;0
30.03.2026;17:10;2.33;2.33;2.33;2.33;2.33;1394505;0
30.03.2026;17:11;2.32;2.32;2.32;2.32;2.32;2322320;0
30.03.2026;17:14;2.33;2.33;2.32;2.32;2.32;10682;0
30.03.2026;17:15;2.33;2.33;2.33;2.33;2.33;13980;0
30.03.2026;17:16;2.33;2.33;2.33;2.33;2.33;352995;0
30.03.2026;17:17;2.33;2.33;2.33;2.33;2.33;10252;0
30.03.2026;17:19;2.33;2.33;2.33;2.33;2.33;17475;0
30.03.2026;17:20;2.33;2.33;2.32;2.33;2.32;2347465;0
30.03.2026;17:21;2.33;2.33;2.32;2.32;2.32;1179790;0
30.03.2026;17:22;2.33;2.33;2.32;2.33;2.32;2448714;0
30.03.2026;17:23;2.33;2.33;2.33;2.33;2.33;89705;0
30.03.2026;17:24;2.33;2.33;2.33;2.33;2.33;29358;0
30.03.2026;17:25;2.33;2.33;2.32;2.33;2.32;50793;0
30.03.2026;17:26;2.32;2.33;2.32;2.32;2.32;2437860;0
30.03.2026;17:27;2.32;2.33;2.32;2.33;2.32;4533656;0
30.03.2026;17:28;2.32;2.32;2.32;2.32;2.32;23200;0
30.03.2026;17:29;2.32;2.33;2.32;2.33;2.32;176837;0
30.03.2026;17:30;2.33;2.33;2.33;2.33;2.33;596946;0
30.03.2026;17:31;2.32;2.33;2.32;2.33;2.32;66633;0
30.03.2026;17:32;2.32;2.33;2.32;2.32;2.32;367305;0
30.03.2026;17:33;2.33;2.33;2.32;2.32;2.32;381615;0
30.03.2026;17:34;2.32;2.33;2.32;2.33;2.32;1205275;0
30.03.2026;17:35;2.33;2.33;2.32;2.32;2.32;1533023;0
30.03.2026;17:36;2.32;2.32;2.32;2.32;2.32;127600;0
30.03.2026;17:37;2.32;2.33;2.32;2.33;2.32;436180;0
30.03.2026;17:38;2.32;2.33;2.32;2.33;2.32;247152;0
30.03.2026;17:39;2.32;2.33;2.32;2.33;2.32;1061685;0
30.03.2026;17:40;2.33;2.33;2.33;2.33;2.33;4028803;0
30.03.2026;17:41;2.33;2.33;2.33;2.33;2.33;233000;0
30.03.2026;17:42;2.33;2.33;2.33;2.33;2.33;489300;0
30.03.2026;17:43;2.33;2.33;2.33;2.33;2.33;24931;0
30.03.2026;17:45;2.34;2.34;2.33;2.34;2.33;1053458;0
30.03.2026;17:46;2.33;2.33;2.33;2.33;2.33;139800;0
30.03.2026;17:47;2.33;2.34;2.33;2.33;2.33;480022;0
30.03.2026;17:48;2.33;2.33;2.33;2.33;2.33;291250;0
30.03.2026;17:49;2.34;2.34;2.33;2.33;2.33;2790177;0
30.03.2026;17:50;2.33;2.33;2.32;2.32;2.32;3198058;0
30.03.2026;17:51;2.32;2.33;2.32;2.32;2.32;190476;0
30.03.2026;17:52;2.33;2.33;2.32;2.32;2.32;167044;0
30.03.2026;17:53;2.32;2.32;2.32;2.32;2.32;691128;0
30.03.2026;17:54;2.32;2.33;2.32;2.32;2.32;418996;0
30.03.2026;17:55;2.32;2.33;2.32;2.32;2.32;3588774;0
30.03.2026;17:56;2.32;2.33;2.32;2.33;2.32;204787;0
30.03.2026;17:57;2.32;2.33;2.32;2.32;2.32;657492;0
30.03.2026;17:58;2.32;2.32;2.32;2.32;2.32;74704;0
30.03.2026;17:59;2.33;2.33;2.32;2.32;2.32;2069800;0
30.03.2026;18:00;2.32;2.32;2.32;2.32;2.32;1160;0
30.03.2026;18:01;2.32;2.33;2.32;2.32;2.32;284440;0
30.03.2026;18:02;2.32;2.32;2.32;2.32;2.32;232928;0
30.03.2026;18:03;2.32;2.33;2.32;2.33;2.32;156573;0
30.03.2026;18:04;2.32;2.33;2.32;2.33;2.32;9153206;0
30.03.2026;18:05;2.32;2.32;2.32;2.32;2.32;264712;0
30.03.2026;18:07;2.32;2.32;2.32;2.32;2.32;1864816;0
30.03.2026;18:08;2.32;2.32;2.32;2.32;2.32;70992;0
30.03.2026;18:09;2.32;2.32;2.32;2.32;2.32;951200;0
30.03.2026;18:10;2.32;2.33;2.32;2.33;2.32;5525600;0
30.03.2026;18:11;2.32;2.33;2.32;2.33;2.32;8029479;0
30.03.2026;18:12;2.33;2.33;2.33;2.33;2.33;2528982;0
30.03.2026;18:13;2.33;2.33;2.33;2.33;2.33;757250;0
30.03.2026;18:14;2.34;2.34;2.33;2.34;2.33;1897501;0
01.04.2026;09:30;2.43;2.43;2.43;2.43;2.43;328536;0
01.04.2026;09:35;2.44;2.46;2.43;2.46;2.45;5723407;0
01.04.2026;09:36;2.46;2.46;2.45;2.45;2.46;1006884;0
01.04.2026;09:37;2.46;2.46;2.45;2.45;2.46;2571610;0
01.04.2026;09:38;2.46;2.46;2.45;2.46;2.46;592260;0
01.04.2026;09:39;2.45;2.46;2.45;2.45;2.46;1865327;0
01.04.2026;09:40;2.46;2.46;2.44;2.44;2.45;3093543;0
01.04.2026;09:41;2.45;2.45;2.44;2.45;2.45;3371670;0
01.04.2026;09:42;2.45;2.46;2.44;2.45;2.45;911750;0
01.04.2026;09:43;2.45;2.46;2.45;2.46;2.46;610165;0
01.04.2026;09:44;2.46;2.46;2.45;2.45;2.46;690741;0
01.04.2026;09:45;2.45;2.45;2.45;2.45;2.45;189630;0
01.04.2026;09:46;2.45;2.46;2.45;2.46;2.46;419950;0
01.04.2026;09:47;2.45;2.45;2.45;2.45;2.45;228340;0
01.04.2026;09:48;2.45;2.46;2.45;2.46;2.46;124660;0
01.04.2026;09:49;2.46;2.46;2.45;2.46;2.46;564806;0
01.04.2026;09:50;2.45;2.46;2.45;2.46;2.46;392896;0
01.04.2026;09:51;2.46;2.46;2.45;2.45;2.46;6291838;0
01.04.2026;09:52;2.46;2.46;2.45;2.46;2.46;2646906;0
01.04.2026;09:53;2.46;2.46;2.45;2.46;2.46;179971;0
01.04.2026;09:54;2.45;2.46;2.45;2.46;2.46;211547;0
01.04.2026;09:55;2.46;2.46;2.45;2.45;2.46;464345;0
01.04.2026;09:56;2.45;2.46;2.45;2.46;2.46;676007;0
01.04.2026;09:57;2.45;2.46;2.45;2.45;2.46;352670;0
01.04.2026;09:58;2.45;2.46;2.45;2.46;2.46;143760;0
01.04.2026;09:59;2.45;2.45;2.45;2.45;2.45;7211085;0
01.04.2026;10:00;2.45;2.45;2.45;2.45;2.45;803845;0
01.04.2026;10:01;2.44;2.45;2.44;2.44;2.45;279160;0
01.04.2026;10:02;2.44;2.44;2.44;2.44;2.44;25620;0
01.04.2026;10:03;2.44;2.45;2.44;2.45;2.45;305024;0
01.04.2026;10:04;2.45;2.45;2.44;2.45;2.45;845243;0
01.04.2026;10:05;2.45;2.46;2.44;2.45;2.45;8757773;0
01.04.2026;10:06;2.45;2.45;2.44;2.45;2.45;3172541;0
01.04.2026;10:07;2.45;2.45;2.44;2.44;2.45;2177065;0
01.04.2026;10:08;2.44;2.45;2.44;2.44;2.45;487441;0
01.04.2026;10:09;2.45;2.46;2.44;2.45;2.45;18962166;0
01.04.2026;10:10;2.45;2.46;2.45;2.46;2.46;340089;0
01.04.2026;10:11;2.46;2.46;2.44;2.44;2.45;1642262;0
01.04.2026;10:12;2.45;2.45;2.44;2.45;2.45;776093;0
01.04.2026;10:13;2.44;2.45;2.44;2.44;2.45;1282821;0
01.04.2026;10:14;2.45;2.45;2.44;2.45;2.45;4482300;0
01.04.2026;10:15;2.44;2.45;2.43;2.44;2.44;6179578;0
01.04.2026;10:16;2.44;2.45;2.44;2.45;2.45;5132823;0
01.04.2026;10:17;2.45;2.45;2.44;2.45;2.45;1729798;0
01.04.2026;10:18;2.44;2.45;2.44;2.44;2.45;5449934;0
01.04.2026;10:19;2.45;2.45;2.44;2.44;2.45;4995274;0
01.04.2026;10:20;2.45;2.45;2.44;2.44;2.45;2534245;0
01.04.2026;10:21;2.44;2.45;2.43;2.45;2.44;12893470;0
01.04.2026;10:22;2.45;2.45;2.44;2.44;2.45;5137180;0
01.04.2026;10:23;2.45;2.45;2.45;2.45;2.45;138425;0
01.04.2026;10:24;2.44;2.45;2.44;2.45;2.45;372171;0
01.04.2026;10:25;2.45;2.45;2.44;2.45;2.45;224055;0
01.04.2026;10:26;2.45;2.45;2.44;2.44;2.45;34935;0
01.04.2026;10:27;2.45;2.45;2.44;2.44;2.45;181050;0
01.04.2026;10:28;2.45;2.45;2.44;2.44;2.45;307689;0
01.04.2026;10:29;2.44;2.45;2.44;2.44;2.45;581282;0
01.04.2026;10:30;2.44;2.44;2.44;2.44;2.44;324764;0
01.04.2026;10:31;2.44;2.45;2.44;2.45;2.45;12474;0
01.04.2026;10:32;2.45;2.45;2.44;2.45;2.45;812015;0
01.04.2026;10:33;2.45;2.45;2.45;2.45;2.45;36750;0
01.04.2026;10:34;2.44;2.45;2.44;2.45;2.45;55595;0
01.04.2026;10:35;2.44;2.45;2.44;2.45;2.45;97801;0
01.04.2026;10:36;2.45;2.45;2.44;2.45;2.45;49886;0
01.04.2026;10:37;2.44;2.44;2.43;2.43;2.44;7919160;0
01.04.2026;10:38;2.43;2.43;2.43;2.43;2.43;213354;0
01.04.2026;10:39;2.43;2.44;2.43;2.44;2.44;5963298;0
01.04.2026;10:40;2.44;2.44;2.44;2.44;2.44;30500;0
01.04.2026;10:41;2.44;2.44;2.43;2.44;2.44;461971;0
01.04.2026;10:42;2.44;2.44;2.44;2.44;2.44;17812;0
01.04.2026;10:43;2.43;2.44;2.43;2.44;2.44;824606;0
01.04.2026;10:44;2.44;2.44;2.43;2.44;2.44;53286;0
01.04.2026;10:45;2.43;2.44;2.43;2.44;2.44;582990;0
01.04.2026;10:46;2.44;2.44;2.44;2.44;2.44;26125568;0
01.04.2026;10:47;2.44;2.44;2.44;2.44;2.44;36112;0
01.04.2026;10:48;2.44;2.44;2.44;2.44;2.44;2928;0
01.04.2026;10:49;2.44;2.44;2.44;2.44;2.44;7564;0
01.04.2026;10:50;2.45;2.45;2.45;2.45;2.45;6125;0
01.04.2026;10:51;2.44;2.45;2.44;2.44;2.45;18475622;0
01.04.2026;10:52;2.43;2.43;2.43;2.43;2.43;511758;0
01.04.2026;10:53;2.44;2.44;2.43;2.43;2.44;416314;0
01.04.2026;10:54;2.43;2.44;2.43;2.43;2.44;1215500;0
01.04.2026;10:55;2.43;2.44;2.43;2.43;2.44;1743526;0
01.04.2026;10:56;2.43;2.44;2.43;2.43;2.44;1403109;0
01.04.2026;10:57;2.43;2.43;2.43;2.43;2.43;1810593;0
01.04.2026;10:58;2.43;2.44;2.43;2.43;2.44;260520;0
01.04.2026;10:59;2.43;2.43;2.43;2.43;2.43;318573;0
01.04.2026;11:00;2.44;2.44;2.43;2.44;2.44;342988;0
01.04.2026;11:01;2.44;2.44;2.43;2.43;2.44;207051;0
01.04.2026;11:02;2.43;2.44;2.43;2.43;2.44;341180;0
01.04.2026;11:03;2.43;2.44;2.43;2.43;2.44;116884;0
01.04.2026;11:04;2.44;2.44;2.43;2.43;2.44;195383;0
01.04.2026;11:05;2.44;2.44;2.43;2.43;2.44;312602;0
01.04.2026;11:06;2.43;2.44;2.43;2.43;2.44;5795164;0
01.04.2026;11:07;2.43;2.43;2.42;2.43;2.43;2967907;0
01.04.2026;11:08;2.43;2.43;2.42;2.43;2.43;388855;0
01.04.2026;11:09;2.42;2.44;2.42;2.43;2.43;6912257;0
01.04.2026;11:10;2.43;2.44;2.43;2.43;2.44;3797461;0
01.04.2026;11:11;2.43;2.44;2.43;2.43;2.44;226234;0
01.04.2026;11:12;2.43;2.43;2.43;2.43;2.43;313713;0
01.04.2026;11:13;2.43;2.43;2.43;2.43;2.43;235224;0
01.04.2026;11:14;2.43;2.44;2.43;2.44;2.44;247878;0
01.04.2026;11:15;2.43;2.44;2.43;2.44;2.44;169168;0
01.04.2026;11:16;2.43;2.44;2.43;2.44;2.44;13562533;0
01.04.2026;11:17;2.44;2.44;2.44;2.44;2.44;866932;0
01.04.2026;11:18;2.44;2.44;2.44;2.44;2.44;351116;0
01.04.2026;11:19;2.44;2.44;2.44;2.44;2.44;174704;0
01.04.2026;11:20;2.44;2.44;2.44;2.44;2.44;286944;0
01.04.2026;11:21;2.44;2.44;2.44;2.44;2.44;145424;0
01.04.2026;11:22;2.44;2.44;2.43;2.43;2.44;5807078;0
01.04.2026;11:23;2.44;2.44;2.44;2.44;2.44;61000;0
01.04.2026;11:24;2.44;2.44;2.44;2.44;2.44;58560;0
01.04.2026;11:26;2.44;2.44;2.44;2.44;2.44;4148;0
01.04.2026;11:27;2.44;2.44;2.44;2.44;2.44;31720;0
01.04.2026;11:28;2.44;2.44;2.44;2.44;2.44;282064;0
01.04.2026;11:29;2.44;2.44;2.44;2.44;2.44;30012;0
01.04.2026;11:30;2.44;2.44;2.44;2.44;2.44;2196;0
01.04.2026;11:32;2.44;2.44;2.44;2.44;2.44;3660;0
01.04.2026;11:33;2.44;2.44;2.44;2.44;2.44;26840;0
01.04.2026;11:34;2.43;2.44;2.43;2.44;2.44;18469;0
01.04.2026;11:36;2.43;2.43;2.43;2.43;2.43;49815;0
01.04.2026;11:37;2.43;2.44;2.43;2.44;2.44;89009;0
01.04.2026;11:38;2.44;2.44;2.43;2.44;2.44;184690;0
01.04.2026;11:39;2.44;2.44;2.44;2.44;2.44;488;0
01.04.2026;11:40;2.44;2.44;2.43;2.43;2.44;29260;0
01.04.2026;11:41;2.44;2.44;2.44;2.44;2.44;5856;0
01.04.2026;11:42;2.43;2.44;2.43;2.43;2.44;547778;0
01.04.2026;11:43;2.44;2.44;2.43;2.44;2.44;156403;0
01.04.2026;11:44;2.44;2.44;2.44;2.44;2.44;1464;0
01.04.2026;11:46;2.44;2.44;2.43;2.43;2.44;98177;0
01.04.2026;11:47;2.43;2.43;2.43;2.43;2.43;159408;0
01.04.2026;11:48;2.43;2.43;2.43;2.43;2.43;48600;0
01.04.2026;11:50;2.44;2.44;2.43;2.43;2.44;48844;0
01.04.2026;11:51;2.43;2.43;2.43;2.43;2.43;486000;0
01.04.2026;11:52;2.44;2.44;2.43;2.43;2.44;1219;0
01.04.2026;11:53;2.44;2.44;2.43;2.43;2.44;36743;0
01.04.2026;11:54;2.44;2.44;2.43;2.43;2.44;822119;0
01.04.2026;11:56;2.44;2.44;2.43;2.44;2.44;46510;0
01.04.2026;11:57;2.44;2.44;2.44;2.44;2.44;275232;0
01.04.2026;11:58;2.44;2.44;2.44;2.44;2.44;28548;0
01.04.2026;11:59;2.43;2.44;2.43;2.44;2.44;178610;0
01.04.2026;12:00;2.44;2.44;2.43;2.44;2.44;46239;0
01.04.2026;12:01;2.44;2.44;2.43;2.43;2.44;69022;0
01.04.2026;12:02;2.44;2.44;2.43;2.44;2.44;193492;0
01.04.2026;12:03;2.43;2.43;2.43;2.43;2.43;36936;0
01.04.2026;12:04;2.43;2.43;2.43;2.43;2.43;59049;0
01.04.2026;12:05;2.43;2.44;2.43;2.43;2.44;196444;0
01.04.2026;12:06;2.43;2.44;2.43;2.44;2.44;6970580;0
01.04.2026;12:07;2.43;2.44;2.43;2.44;2.44;269545;0
01.04.2026;12:08;2.44;2.44;2.44;2.44;2.44;251808;0
01.04.2026;12:09;2.44;2.44;2.44;2.44;2.44;5856;0
01.04.2026;12:10;2.44;2.44;2.44;2.44;2.44;3172;0
01.04.2026;12:11;2.44;2.44;2.44;2.44;2.44;302316;0
01.04.2026;12:12;2.44;2.44;2.44;2.44;2.44;589260;0
01.04.2026;12:13;2.43;2.43;2.43;2.43;2.43;81405;0
01.04.2026;12:14;2.43;2.44;2.43;2.43;2.44;1766463;0
01.04.2026;12:15;2.43;2.43;2.43;2.43;2.43;15066;0
01.04.2026;12:16;2.43;2.44;2.43;2.43;2.44;7292;0
01.04.2026;12:17;2.43;2.43;2.43;2.43;2.43;80676;0
01.04.2026;12:18;2.43;2.44;2.43;2.43;2.44;5591;0
01.04.2026;12:19;2.43;2.43;2.43;2.43;2.43;69012;0
01.04.2026;12:20;2.43;2.44;2.43;2.43;2.44;21397;0
01.04.2026;12:21;2.43;2.43;2.43;2.43;2.43;84807;0
01.04.2026;12:23;2.43;2.44;2.43;2.43;2.44;993468;0
01.04.2026;12:24;2.44;2.44;2.44;2.44;2.44;148840;0
01.04.2026;12:25;2.43;2.44;2.43;2.43;2.44;529146;0
01.04.2026;12:26;2.43;2.43;2.43;2.43;2.43;143613;0
01.04.2026;12:27;2.43;2.44;2.43;2.44;2.44;201228;0
01.04.2026;12:28;2.44;2.44;2.43;2.44;2.44;42026628;0
01.04.2026;12:29;2.43;2.43;2.43;2.43;2.43;6804;0
01.04.2026;12:30;2.44;2.44;2.44;2.44;2.44;9450608;0
01.04.2026;12:31;2.44;2.44;2.44;2.44;2.44;195932;0
01.04.2026;12:32;2.44;2.44;2.44;2.44;2.44;2196;0
01.04.2026;12:33;2.45;2.45;2.44;2.44;2.45;284165;0
01.04.2026;12:35;2.44;2.45;2.44;2.45;2.45;1363441;0
01.04.2026;12:36;2.45;2.45;2.45;2.45;2.45;1443540;0
01.04.2026;12:37;2.45;2.45;2.44;2.44;2.45;5309540;0
01.04.2026;12:38;2.45;2.45;2.45;2.45;2.45;85750;0
01.04.2026;12:39;2.45;2.45;2.44;2.45;2.45;34299;0
01.04.2026;12:40;2.45;2.45;2.45;2.45;2.45;444185;0
01.04.2026;12:41;2.45;2.45;2.45;2.45;2.45;16905;0
01.04.2026;12:43;2.45;2.45;2.45;2.45;2.45;367745;0
01.04.2026;12:44;2.45;2.45;2.45;2.45;2.45;4900;0
01.04.2026;12:45;2.44;2.44;2.44;2.44;2.44;244;0
01.04.2026;12:47;2.44;2.45;2.44;2.44;2.45;17074496;0
01.04.2026;12:48;2.44;2.44;2.44;2.44;2.44;1220;0
01.04.2026;12:49;2.44;2.44;2.44;2.44;2.44;1220;0
01.04.2026;12:50;2.44;2.44;2.44;2.44;2.44;732;0
01.04.2026;12:52;2.44;2.44;2.44;2.44;2.44;24644;0
01.04.2026;12:55;2.44;2.44;2.43;2.44;2.44;246439;0
01.04.2026;12:59;2.44;2.44;2.43;2.44;2.44;656914;0
01.04.2026;13:00;2.43;2.43;2.43;2.43;2.43;92583;0
01.04.2026;13:02;2.44;2.44;2.44;2.44;2.44;15372;0
01.04.2026;13:03;2.43;2.44;2.43;2.44;2.44;264412;0
01.04.2026;13:04;2.44;2.44;2.44;2.44;2.44;732;0
01.04.2026;13:07;2.43;2.43;2.43;2.43;2.43;1537461;0
01.04.2026;13:08;2.44;2.44;2.43;2.43;2.44;194177;0
01.04.2026;13:09;2.44;2.44;2.43;2.43;2.44;59928;0
01.04.2026;13:10;2.43;2.44;2.43;2.43;2.44;297389;0
01.04.2026;13:11;2.44;2.44;2.44;2.44;2.44;488;0
01.04.2026;13:12;2.44;2.44;2.43;2.43;2.44;204890;0
01.04.2026;13:13;2.44;2.44;2.44;2.44;2.44;2684;0
01.04.2026;13:14;2.44;2.44;2.43;2.43;2.44;385186;0
01.04.2026;13:15;2.43;2.45;2.43;2.45;2.44;10672554;0
01.04.2026;13:16;2.45;2.45;2.44;2.44;2.45;20010;0
01.04.2026;13:17;2.44;2.45;2.44;2.45;2.45;630745;0
01.04.2026;13:18;2.44;2.44;2.44;2.44;2.44;15949792;0
01.04.2026;13:19;2.44;2.44;2.44;2.44;2.44;534848;0
01.04.2026;13:20;2.43;2.44;2.43;2.44;2.44;121900;0
01.04.2026;13:21;2.44;2.44;2.44;2.44;2.44;7564;0
01.04.2026;13:22;2.44;2.44;2.44;2.44;2.44;24400;0
01.04.2026;13:23;2.44;2.44;2.44;2.44;2.44;97600;0
01.04.2026;13:24;2.44;2.44;2.44;2.44;2.44;49532;0
01.04.2026;13:26;2.44;2.44;2.44;2.44;2.44;488;0
01.04.2026;13:27;2.44;2.44;2.44;2.44;2.44;25620;0
01.04.2026;13:28;2.44;2.44;2.44;2.44;2.44;22204;0
01.04.2026;13:29;2.44;2.44;2.44;2.44;2.44;61000;0
01.04.2026;13:31;2.44;2.44;2.44;2.44;2.44;2196;0
01.04.2026;13:33;2.44;2.44;2.44;2.44;2.44;250100;0
01.04.2026;13:34;2.44;2.44;2.44;2.44;2.44;97600;0
01.04.2026;13:35;2.44;2.44;2.44;2.44;2.44;23180;0
01.04.2026;13:36;2.44;2.44;2.44;2.44;2.44;2440;0
01.04.2026;13:37;2.44;2.44;2.44;2.44;2.44;122000;0
01.04.2026;13:43;2.43;2.44;2.43;2.44;2.44;134102;0
01.04.2026;13:45;2.43;2.43;2.43;2.43;2.43;281394;0
01.04.2026;13:49;2.44;2.44;2.44;2.44;2.44;244;0
01.04.2026;13:50;2.43;2.43;2.43;2.43;2.43;8019;0
01.04.2026;13:51;2.43;2.43;2.43;2.43;2.43;28903882;0
01.04.2026;13:52;2.43;2.43;2.43;2.43;2.43;8883594;0
01.04.2026;13:53;2.43;2.44;2.43;2.44;2.44;6083;0
01.04.2026;13:54;2.43;2.43;2.43;2.43;2.43;2187;0
01.04.2026;13:58;2.44;2.44;2.44;2.44;2.44;14640;0
01.04.2026;14:00;2.44;2.44;2.44;2.44;2.44;244244;0
01.04.2026;14:01;2.44;2.44;2.44;2.44;2.44;7320;0
01.04.2026;14:04;2.43;2.43;2.43;2.43;2.43;12150;0
01.04.2026;14:08;2.43;2.43;2.43;2.43;2.43;100602;0
01.04.2026;14:11;2.44;2.44;2.43;2.44;2.44;493539;0
01.04.2026;14:14;2.44;2.44;2.44;2.44;2.44;732;0
01.04.2026;14:17;2.44;2.44;2.43;2.43;2.44;354058;0
01.04.2026;14:18;2.44;2.44;2.44;2.44;2.44;25620;0
01.04.2026;14:19;2.44;2.44;2.44;2.44;2.44;488;0
01.04.2026;14:20;2.43;2.44;2.43;2.44;2.44;127103;0
01.04.2026;14:21;2.44;2.44;2.44;2.44;2.44;122000;0
01.04.2026;14:22;2.44;2.44;2.44;2.44;2.44;244;0
01.04.2026;14:23;2.44;2.44;2.44;2.44;2.44;6100;0
01.04.2026;14:25;2.44;2.44;2.44;2.44;2.44;14640;0
01.04.2026;14:26;2.43;2.43;2.43;2.43;2.43;729;0
01.04.2026;14:27;2.44;2.44;2.44;2.44;2.44;421632;0
01.04.2026;14:28;2.44;2.44;2.44;2.44;2.44;134444;0
01.04.2026;14:29;2.44;2.44;2.44;2.44;2.44;67100;0
01.04.2026;14:30;2.44;2.44;2.43;2.43;2.44;52946;0
01.04.2026;14:31;2.44;2.44;2.44;2.44;2.44;44652;0
01.04.2026;14:32;2.44;2.44;2.44;2.44;2.44;12688;0
01.04.2026;14:34;2.44;2.44;2.43;2.43;2.44;77081;0
01.04.2026;14:35;2.43;2.43;2.43;2.43;2.43;16767;0
01.04.2026;14:37;2.44;2.44;2.44;2.44;2.44;15860;0
01.04.2026;14:41;2.44;2.44;2.44;2.44;2.44;244;0
01.04.2026;14:42;2.43;2.43;2.43;2.43;2.43;10762227;0
01.04.2026;14:43;2.43;2.43;2.42;2.43;2.43;2776206;0
01.04.2026;14:45;2.44;2.44;2.43;2.44;2.44;413588;0
01.04.2026;14:47;2.43;2.44;2.43;2.43;2.44;4321353;0
01.04.2026;14:51;2.43;2.43;2.42;2.42;2.43;12104;0
01.04.2026;14:53;2.43;2.43;2.43;2.43;2.43;114210;0
01.04.2026;14:54;2.42;2.42;2.42;2.42;2.42;5082;0
01.04.2026;14:55;2.42;2.42;2.42;2.42;2.42;2662;0
01.04.2026;14:56;2.43;2.43;2.43;2.43;2.43;1440504;0
01.04.2026;14:57;2.43;2.43;2.43;2.43;2.43;110079;0
01.04.2026;14:58;2.42;2.42;2.42;2.42;2.42;30250;0
01.04.2026;14:59;2.42;2.43;2.42;2.43;2.43;123188;0
01.04.2026;15:00;2.42;2.42;2.42;2.42;2.42;16698;0
01.04.2026;15:02;2.43;2.43;2.43;2.43;2.43;4860;0
01.04.2026;15:03;2.43;2.43;2.43;2.43;2.43;71442;0
01.04.2026;15:04;2.43;2.43;2.43;2.43;2.43;24300;0
01.04.2026;15:05;2.43;2.43;2.43;2.43;2.43;25029;0
01.04.2026;15:06;2.43;2.43;2.43;2.43;2.43;25515;0
01.04.2026;15:07;2.43;2.43;2.42;2.42;2.43;17669;0
01.04.2026;15:08;2.43;2.43;2.43;2.43;2.43;5103;0
01.04.2026;15:10;2.43;2.43;2.43;2.43;2.43;729;0
01.04.2026;15:11;2.43;2.43;2.43;2.43;2.43;8991;0
01.04.2026;15:12;2.42;2.43;2.42;2.43;2.43;9232;0
01.04.2026;15:13;2.43;2.43;2.42;2.43;2.43;484250;0
01.04.2026;15:14;2.43;2.43;2.42;2.42;2.43;4922900;0
01.04.2026;15:15;2.42;2.43;2.42;2.42;2.43;4366500;0
01.04.2026;15:16;2.42;2.43;2.42;2.42;2.43;1113300;0
01.04.2026;15:17;2.42;2.43;2.42;2.43;2.43;2243114;0
01.04.2026;15:18;2.42;2.42;2.42;2.42;2.42;1815242;0
01.04.2026;15:19;2.42;2.42;2.42;2.42;2.42;1089000;0
01.04.2026;15:20;2.42;2.43;2.42;2.42;2.43;1090701;0
01.04.2026;15:22;2.43;2.43;2.42;2.42;2.43;363243;0
01.04.2026;15:23;2.43;2.43;2.42;2.42;2.43;729645;0
01.04.2026;15:24;2.42;2.42;2.42;2.42;2.42;629200;0
01.04.2026;15:25;2.42;2.42;2.42;2.42;2.42;2688136;0
01.04.2026;15:26;2.42;2.42;2.42;2.42;2.42;484;0
01.04.2026;15:27;2.43;2.43;2.43;2.43;2.43;36450;0
01.04.2026;15:29;2.43;2.43;2.43;2.43;2.43;4860;0
01.04.2026;15:30;2.42;2.42;2.42;2.42;2.42;113256;0
01.04.2026;15:32;2.42;2.42;2.42;2.42;2.42;189244;0
01.04.2026;15:33;2.42;2.42;2.42;2.42;2.42;355256;0
01.04.2026;15:34;2.42;2.42;2.42;2.42;2.42;29524;0
01.04.2026;15:35;2.42;2.42;2.42;2.42;2.42;113256;0
01.04.2026;15:36;2.42;2.42;2.42;2.42;2.42;113256;0
01.04.2026;15:37;2.43;2.43;2.43;2.43;2.43;243;0
01.04.2026;15:38;2.43;2.43;2.43;2.43;2.43;2430;0
01.04.2026;15:43;2.42;2.43;2.42;2.43;2.43;4121;0
01.04.2026;15:49;2.43;2.43;2.42;2.43;2.43;6956360;0
01.04.2026;15:50;2.44;2.44;2.44;2.44;2.44;10004;0
01.04.2026;15:51;2.44;2.44;2.44;2.44;2.44;9760;0
01.04.2026;15:52;2.44;2.44;2.44;2.44;2.44;382836;0
01.04.2026;15:53;2.44;2.44;2.44;2.44;2.44;52948;0
01.04.2026;15:54;2.44;2.44;2.43;2.43;2.44;115289;0
01.04.2026;15:55;2.43;2.44;2.43;2.44;2.44;1220486;0
01.04.2026;15:56;2.43;2.44;2.43;2.44;2.44;669950;0
01.04.2026;15:57;2.43;2.43;2.42;2.42;2.43;3080006;0
01.04.2026;15:58;2.42;2.42;2.42;2.42;2.42;243694;0
01.04.2026;15:59;2.42;2.42;2.42;2.42;2.42;176660;0
01.04.2026;16:00;2.42;2.42;2.42;2.42;2.42;43076;0
01.04.2026;16:01;2.43;2.43;2.43;2.43;2.43;243000;0
01.04.2026;16:02;2.43;2.43;2.43;2.43;2.43;24300;0
01.04.2026;16:03;2.43;2.43;2.42;2.42;2.43;367414;0
01.04.2026;16:05;2.42;2.42;2.42;2.42;2.42;43076;0
01.04.2026;16:06;2.42;2.42;2.42;2.42;2.42;149798;0
01.04.2026;16:07;2.42;2.42;2.42;2.42;2.42;113256;0
01.04.2026;16:08;2.42;2.42;2.42;2.42;2.42;411400;0
01.04.2026;16:10;2.43;2.43;2.43;2.43;2.43;486;0
01.04.2026;16:11;2.42;2.42;2.42;2.42;2.42;890560;0
01.04.2026;16:12;2.42;2.43;2.42;2.43;2.43;283927;0
01.04.2026;16:13;2.42;2.42;2.42;2.42;2.42;93412;0
01.04.2026;16:14;2.42;2.42;2.42;2.42;2.42;111320;0
01.04.2026;16:15;2.43;2.43;2.42;2.42;2.43;13093;0
01.04.2026;16:16;2.43;2.43;2.43;2.43;2.43;2454300;0
01.04.2026;16:17;2.42;2.43;2.42;2.43;2.43;1700;0
01.04.2026;16:18;2.43;2.43;2.43;2.43;2.43;35478;0
01.04.2026;16:19;2.42;2.43;2.42;2.43;2.43;7287;0
01.04.2026;16:20;2.43;2.43;2.42;2.43;2.43;10448;0
01.04.2026;16:21;2.43;2.43;2.43;2.43;2.43;1701;0
01.04.2026;16:23;2.43;2.43;2.43;2.43;2.43;1215;0
01.04.2026;16:24;2.43;2.43;2.42;2.42;2.43;24051;0
01.04.2026;16:26;2.43;2.43;2.42;2.42;2.43;1943;0
01.04.2026;16:27;2.42;2.42;2.42;2.42;2.42;1452000;0
01.04.2026;16:28;2.43;2.43;2.43;2.43;2.43;4860;0
01.04.2026;16:29;2.43;2.43;2.42;2.43;2.43;23726;0
01.04.2026;16:30;2.43;2.43;2.43;2.43;2.43;6075;0
01.04.2026;16:31;2.43;2.43;2.42;2.42;2.43;726729;0
01.04.2026;16:32;2.42;2.43;2.42;2.43;2.43;1092401;0
01.04.2026;16:33;2.42;2.43;2.42;2.43;2.43;27204;0
01.04.2026;16:34;2.43;2.43;2.43;2.43;2.43;972;0
01.04.2026;16:37;2.43;2.43;2.43;2.43;2.43;1215;0
01.04.2026;16:39;2.43;2.43;2.42;2.42;2.43;314655;0
01.04.2026;16:40;2.42;2.42;2.42;2.42;2.42;2662;0
01.04.2026;16:41;2.43;2.43;2.43;2.43;2.43;7438716;0
01.04.2026;16:42;2.43;2.44;2.43;2.44;2.44;1947;0
01.04.2026;16:46;2.43;2.43;2.43;2.43;2.43;486;0
01.04.2026;16:47;2.44;2.44;2.43;2.43;2.44;100459;0
01.04.2026;16:50;2.43;2.43;2.43;2.43;2.43;129762;0
01.04.2026;16:51;2.43;2.43;2.43;2.43;2.43;48600;0
01.04.2026;16:52;2.43;2.43;2.43;2.43;2.43;2673;0
01.04.2026;16:53;2.43;2.43;2.43;2.43;2.43;73629;0
01.04.2026;16:54;2.44;2.44;2.44;2.44;2.44;489220;0
01.04.2026;16:55;2.43;2.44;2.43;2.44;2.44;485976;0
01.04.2026;16:58;2.44;2.44;2.44;2.44;2.44;976;0
01.04.2026;16:59;2.43;2.43;2.43;2.43;2.43;729;0
01.04.2026;17:00;2.43;2.43;2.43;2.43;2.43;15795;0
01.04.2026;17:02;2.43;2.43;2.43;2.43;2.43;729;0
01.04.2026;17:03;2.43;2.44;2.43;2.44;2.44;14591;0
01.04.2026;17:04;2.44;2.44;2.44;2.44;2.44;101016;0
01.04.2026;17:05;2.44;2.44;2.43;2.44;2.44;343220;0
01.04.2026;17:07;2.43;2.44;2.43;2.44;2.44;53480;0
01.04.2026;17:08;2.43;2.43;2.43;2.43;2.43;243;0
01.04.2026;17:10;2.44;2.44;2.44;2.44;2.44;139080;0
01.04.2026;17:11;2.44;2.44;2.44;2.44;2.44;12444;0
01.04.2026;17:12;2.44;2.44;2.43;2.43;2.44;9993;0
01.04.2026;17:13;2.44;2.44;2.44;2.44;2.44;122000;0
01.04.2026;17:14;2.43;2.43;2.43;2.43;2.43;243;0
01.04.2026;17:16;2.43;2.44;2.43;2.44;2.44;124917;0
01.04.2026;17:18;2.44;2.44;2.43;2.43;2.44;12443;0
01.04.2026;17:19;2.43;2.43;2.43;2.43;2.43;243;0
01.04.2026;17:20;2.44;2.44;2.43;2.43;2.44;886278;0
01.04.2026;17:21;2.44;2.44;2.43;2.44;2.44;933874;0
01.04.2026;17:22;2.43;2.44;2.43;2.43;2.44;1253608;0
01.04.2026;17:23;2.43;2.44;2.43;2.44;2.44;2133057;0
01.04.2026;17:24;2.43;2.43;2.43;2.43;2.43;14337;0
01.04.2026;17:25;2.43;2.44;2.43;2.43;2.44;787087;0
01.04.2026;17:26;2.43;2.44;2.43;2.43;2.44;17759904;0
01.04.2026;17:27;2.43;2.44;2.43;2.43;2.44;796573;0
01.04.2026;17:28;2.44;2.44;2.43;2.43;2.44;193045;0
01.04.2026;17:29;2.43;2.44;2.43;2.44;2.44;13852;0
01.04.2026;17:31;2.44;2.44;2.44;2.44;2.44;488;0
01.04.2026;17:32;2.44;2.44;2.43;2.44;2.44;13659;0
01.04.2026;17:33;2.44;2.44;2.43;2.44;2.44;8762155;0
01.04.2026;17:34;2.43;2.44;2.43;2.43;2.44;859653;0
01.04.2026;17:35;2.43;2.43;2.43;2.43;2.43;41796;0
01.04.2026;17:36;2.44;2.44;2.43;2.43;2.44;232520;0
01.04.2026;17:37;2.43;2.43;2.43;2.43;2.43;243;0
01.04.2026;17:38;2.44;2.44;2.43;2.43;2.44;173473;0
01.04.2026;17:39;2.43;2.44;2.43;2.43;2.44;6581;0
01.04.2026;17:42;2.43;2.43;2.43;2.43;2.43;137781;0
01.04.2026;17:43;2.44;2.44;2.43;2.44;2.44;20772912;0
01.04.2026;17:44;2.44;2.46;2.44;2.45;2.45;9917799;0
01.04.2026;17:45;2.46;2.46;2.44;2.46;2.45;19847310;0
01.04.2026;17:46;2.46;2.46;2.44;2.46;2.45;14615284;0
01.04.2026;17:47;2.45;2.47;2.45;2.46;2.46;11899653;0
01.04.2026;17:48;2.46;2.49;2.46;2.48;2.48;26786186;0
01.04.2026;17:49;2.48;2.49;2.46;2.46;2.48;19316358;0
01.04.2026;17:50;2.47;2.51;2.47;2.50;2.49;31997314;0
01.04.2026;17:51;2.49;2.51;2.49;2.49;2.50;20241320;0
01.04.2026;17:52;2.50;2.51;2.49;2.50;2.50;11301262;0
01.04.2026;17:53;2.49;2.51;2.49;2.51;2.50;6847522;0
01.04.2026;17:54;2.51;2.51;2.50;2.51;2.50;2267521;0
01.04.2026;17:55;2.50;2.51;2.50;2.51;2.50;1674567;0
01.04.2026;17:56;2.51;2.51;2.50;2.50;2.50;966337;0
01.04.2026;17:57;2.51;2.51;2.50;2.51;2.50;30836096;0
01.04.2026;17:58;2.51;2.51;2.50;2.51;2.50;1858987;0
01.04.2026;17:59;2.50;2.51;2.50;2.51;2.50;977674;0
01.04.2026;18:00;2.51;2.51;2.50;2.50;2.50;438003;0
01.04.2026;18:01;2.50;2.51;2.50;2.50;2.50;2266646;0
01.04.2026;18:02;2.50;2.50;2.50;2.50;2.50;273750;0
01.04.2026;18:03;2.50;2.51;2.50;2.50;2.50;28026040;0
01.04.2026;18:04;2.49;2.50;2.49;2.50;2.50;5155928;0
01.04.2026;18:05;2.49;2.50;2.49;2.49;2.50;4251635;0
01.04.2026;18:06;2.49;2.50;2.49;2.50;2.50;5978318;0
01.04.2026;18:07;2.50;2.50;2.49;2.49;2.50;2659250;0
01.04.2026;18:08;2.50;2.50;2.49;2.50;2.50;1693727;0
01.04.2026;18:09;2.50;2.50;2.49;2.50;2.50;1159696;0
01.04.2026;18:10;2.49;2.50;2.49;2.50;2.50;2438797;0
01.04.2026;18:11;2.49;2.51;2.49;2.51;2.50;18540224;0
01.04.2026;18:12;2.50;2.51;2.50;2.50;2.50;13686128;0
01.04.2026;18:13;2.50;2.51;2.49;2.50;2.50;8989210;0
01.04.2026;18:14;2.50;2.50;2.49;2.50;2.50;4003476;0
02.04.2026;09:30;2.46;2.46;2.46;2.46;2.46;5092200;0
02.04.2026;09:35;2.46;2.47;2.44;2.44;2.46;11809552;0
02.04.2026;09:36;2.44;2.45;2.44;2.44;2.45;1475304;0
02.04.2026;09:37;2.44;2.45;2.43;2.44;2.44;6064039;0
02.04.2026;09:38;2.44;2.45;2.44;2.44;2.45;3601808;0
02.04.2026;09:39;2.44;2.45;2.44;2.44;2.45;6476817;0
02.04.2026;09:40;2.44;2.44;2.44;2.44;2.44;2734996;0
02.04.2026;09:41;2.44;2.45;2.44;2.44;2.45;138641;0
02.04.2026;09:42;2.45;2.45;2.44;2.44;2.45;493250;0
02.04.2026;09:43;2.44;2.44;2.43;2.43;2.44;3434508;0
02.04.2026;09:44;2.44;2.44;2.44;2.44;2.44;554368;0
02.04.2026;09:45;2.44;2.44;2.43;2.44;2.44;1070632;0
02.04.2026;09:46;2.44;2.44;2.44;2.44;2.44;539484;0
02.04.2026;09:47;2.43;2.44;2.43;2.43;2.44;450550;0
02.04.2026;09:48;2.43;2.44;2.43;2.44;2.44;82492;0
02.04.2026;09:49;2.44;2.44;2.43;2.44;2.44;102460;0
02.04.2026;09:50;2.44;2.44;2.44;2.44;2.44;28304;0
02.04.2026;09:51;2.44;2.44;2.44;2.44;2.44;48800;0
02.04.2026;09:52;2.44;2.44;2.44;2.44;2.44;494344;0
02.04.2026;09:53;2.44;2.45;2.44;2.45;2.45;4880892;0
02.04.2026;09:54;2.44;2.45;2.44;2.44;2.45;2482940;0
02.04.2026;09:55;2.45;2.45;2.44;2.45;2.45;272650;0
02.04.2026;09:56;2.45;2.45;2.45;2.45;2.45;61250;0
02.04.2026;09:57;2.45;2.45;2.45;2.45;2.45;126175;0
02.04.2026;09:58;2.45;2.45;2.44;2.45;2.45;706085;0
02.04.2026;09:59;2.45;2.45;2.44;2.45;2.45;687431;0
02.04.2026;10:00;2.45;2.45;2.44;2.44;2.45;191940;0
02.04.2026;10:01;2.45;2.45;2.44;2.44;2.45;450000;0
02.04.2026;10:02;2.44;2.44;2.44;2.44;2.44;536800;0
02.04.2026;10:03;2.45;2.45;2.44;2.44;2.45;385983;0
02.04.2026;10:04;2.44;2.45;2.44;2.45;2.45;91117;0
02.04.2026;10:05;2.44;2.45;2.44;2.45;2.45;9170191;0
02.04.2026;10:06;2.46;2.46;2.45;2.45;2.46;4907549;0
02.04.2026;10:07;2.45;2.46;2.45;2.45;2.46;2847445;0
02.04.2026;10:08;2.45;2.45;2.45;2.45;2.45;6713980;0
02.04.2026;10:09;2.45;2.46;2.45;2.45;2.46;777586;0
02.04.2026;10:10;2.45;2.46;2.45;2.45;2.46;113927;0
02.04.2026;10:11;2.45;2.46;2.45;2.45;2.46;159754;0
02.04.2026;10:12;2.45;2.46;2.45;2.45;2.46;5400;0
02.04.2026;10:13;2.45;2.46;2.45;2.45;2.46;2549471;0
02.04.2026;10:14;2.46;2.46;2.45;2.45;2.46;846235;0
02.04.2026;10:15;2.45;2.46;2.45;2.46;2.46;351085;0
02.04.2026;10:16;2.46;2.46;2.45;2.45;2.46;372156;0
02.04.2026;10:17;2.46;2.46;2.45;2.45;2.46;403555;0
02.04.2026;10:18;2.45;2.45;2.45;2.45;2.45;238140;0
02.04.2026;10:19;2.45;2.46;2.45;2.45;2.46;9927164;0
02.04.2026;10:20;2.45;2.46;2.45;2.46;2.46;745605;0
02.04.2026;10:21;2.46;2.46;2.45;2.46;2.46;219185;0
02.04.2026;10:23;2.45;2.46;2.45;2.46;2.46;323280;0
02.04.2026;10:24;2.46;2.46;2.46;2.46;2.46;2460;0
02.04.2026;10:25;2.45;2.46;2.45;2.46;2.46;396970;0
02.04.2026;10:26;2.46;2.46;2.45;2.45;2.46;24746;0
02.04.2026;10:27;2.45;2.45;2.45;2.45;2.45;117845;0
02.04.2026;10:28;2.45;2.46;2.45;2.46;2.46;1714425;0
02.04.2026;10:29;2.46;2.47;2.46;2.46;2.47;11313548;0
02.04.2026;10:30;2.47;2.47;2.46;2.47;2.47;70280;0
02.04.2026;10:31;2.46;2.47;2.46;2.47;2.47;2487170;0
02.04.2026;10:32;2.47;2.47;2.47;2.47;2.47;364325;0
02.04.2026;10:33;2.47;2.47;2.46;2.46;2.47;74994;0
02.04.2026;10:34;2.47;2.47;2.47;2.47;2.47;76076;0
02.04.2026;10:35;2.46;2.47;2.46;2.46;2.47;962872;0
02.04.2026;10:36;2.47;2.47;2.46;2.46;2.47;11228027;0
02.04.2026;10:37;2.47;2.47;2.46;2.46;2.47;3278392;0
02.04.2026;10:38;2.46;2.46;2.46;2.46;2.46;2740440;0
02.04.2026;10:39;2.46;2.46;2.46;2.46;2.46;3334776;0
02.04.2026;10:40;2.46;2.47;2.46;2.46;2.47;7368275;0
02.04.2026;10:41;2.46;2.47;2.46;2.47;2.47;749504;0
02.04.2026;10:42;2.47;2.47;2.46;2.46;2.47;64718;0
02.04.2026;10:43;2.46;2.46;2.46;2.46;2.46;486342;0
02.04.2026;10:44;2.47;2.47;2.46;2.46;2.47;369500;0
02.04.2026;10:45;2.46;2.46;2.46;2.46;2.46;246000;0
02.04.2026;10:46;2.46;2.47;2.46;2.47;2.47;891899;0
02.04.2026;10:47;2.46;2.47;2.46;2.47;2.47;16493;0
02.04.2026;10:48;2.47;2.47;2.46;2.47;2.47;222025;0
02.04.2026;10:49;2.46;2.47;2.46;2.47;2.47;7903;0
02.04.2026;10:50;2.47;2.47;2.47;2.47;2.47;2470;0
02.04.2026;10:51;2.47;2.47;2.46;2.47;2.47;283603;0
02.04.2026;10:52;2.47;2.47;2.47;2.47;2.47;55822;0
02.04.2026;10:53;2.47;2.47;2.46;2.46;2.47;1072582;0
02.04.2026;10:54;2.47;2.47;2.46;2.46;2.47;1088376;0
02.04.2026;10:55;2.46;2.47;2.46;2.47;2.47;154267;0
02.04.2026;10:56;2.47;2.47;2.47;2.47;2.47;129181;0
02.04.2026;10:57;2.47;2.47;2.47;2.47;2.47;1235;0
02.04.2026;10:59;2.47;2.47;2.47;2.47;2.47;2717;0
02.04.2026;11:00;2.46;2.47;2.46;2.47;2.47;46750;0
02.04.2026;11:01;2.46;2.46;2.46;2.46;2.46;479700;0
02.04.2026;11:02;2.46;2.46;2.46;2.46;2.46;73800;0
02.04.2026;11:03;2.47;2.47;2.47;2.47;2.47;3705;0
02.04.2026;11:05;2.47;2.47;2.46;2.47;2.47;178131;0
02.04.2026;11:06;2.47;2.47;2.46;2.46;2.47;4944625;0
02.04.2026;11:07;2.46;2.46;2.46;2.46;2.46;4920;0
02.04.2026;11:08;2.46;2.46;2.46;2.46;2.46;287328;0
02.04.2026;11:09;2.46;2.46;2.46;2.46;2.46;116358;0
02.04.2026;11:10;2.46;2.46;2.46;2.46;2.46;489294;0
02.04.2026;11:11;2.46;2.47;2.46;2.47;2.47;3879692;0
02.04.2026;11:12;2.46;2.47;2.46;2.46;2.47;56438;0
02.04.2026;11:13;2.46;2.46;2.46;2.46;2.46;6150;0
02.04.2026;11:14;2.47;2.47;2.46;2.47;2.47;20698;0
02.04.2026;11:16;2.47;2.47;2.47;2.47;2.47;115596;0
02.04.2026;11:17;2.46;2.46;2.46;2.46;2.46;17712;0
02.04.2026;11:18;2.46;2.47;2.46;2.47;2.47;1231;0
02.04.2026;11:20;2.46;2.46;2.46;2.46;2.46;49200;0
02.04.2026;11:21;2.46;2.46;2.46;2.46;2.46;98400;0
02.04.2026;11:23;2.47;2.47;2.47;2.47;2.47;14351935;0
02.04.2026;11:24;2.47;2.48;2.47;2.48;2.48;557750;0
02.04.2026;11:25;2.47;2.51;2.47;2.51;2.49;31600748;0
02.04.2026;11:26;2.50;2.51;2.50;2.50;2.50;10846685;0
02.04.2026;11:27;2.51;2.51;2.50;2.51;2.50;790193;0
02.04.2026;11:28;2.50;2.50;2.50;2.50;2.50;8115000;0
02.04.2026;11:29;2.49;2.50;2.49;2.50;2.50;15542827;0
02.04.2026;11:30;2.50;2.50;2.49;2.50;2.50;240192;0
02.04.2026;11:31;2.50;2.50;2.49;2.50;2.50;188900;0
02.04.2026;11:32;2.49;2.50;2.49;2.50;2.50;180450;0
02.04.2026;11:33;2.50;2.50;2.50;2.50;2.50;426250;0
02.04.2026;11:34;2.50;2.50;2.50;2.50;2.50;5780500;0
02.04.2026;11:35;2.50;2.51;2.50;2.51;2.50;7724250;0
02.04.2026;11:36;2.51;2.51;2.50;2.51;2.50;3626949;0
02.04.2026;11:37;2.50;2.51;2.50;2.50;2.50;77700;0
02.04.2026;11:38;2.50;2.50;2.50;2.50;2.50;14268750;0
02.04.2026;11:39;2.50;2.50;2.49;2.49;2.50;2114000;0
02.04.2026;11:40;2.50;2.51;2.50;2.50;2.50;6711600;0
02.04.2026;11:41;2.51;2.51;2.50;2.50;2.50;4392250;0
02.04.2026;11:42;2.50;2.50;2.50;2.50;2.50;169000;0
02.04.2026;11:44;2.50;2.50;2.50;2.50;2.50;125250;0
02.04.2026;11:45;2.50;2.50;2.49;2.49;2.50;295347;0
02.04.2026;11:46;2.49;2.49;2.49;2.49;2.49;249747;0
02.04.2026;11:48;2.50;2.50;2.49;2.49;2.50;77200;0
02.04.2026;11:49;2.50;2.50;2.50;2.50;2.50;798750;0
02.04.2026;11:50;2.50;2.50;2.50;2.50;2.50;125000;0
02.04.2026;11:51;2.50;2.50;2.50;2.50;2.50;9967500;0
02.04.2026;11:53;2.50;2.51;2.50;2.51;2.50;29518;0
02.04.2026;11:54;2.51;2.51;2.51;2.51;2.51;125751;0
02.04.2026;11:55;2.51;2.51;2.51;2.51;2.51;12550;0
02.04.2026;11:56;2.51;2.51;2.50;2.50;2.50;501500;0
02.04.2026;11:57;2.50;2.50;2.50;2.50;2.50;30750;0
02.04.2026;11:58;2.51;2.51;2.50;2.50;2.50;1814050;0
02.04.2026;11:59;2.50;2.51;2.50;2.51;2.50;3124225;0
02.04.2026;12:00;2.51;2.51;2.51;2.51;2.51;2008000;0
02.04.2026;12:01;2.51;2.51;2.51;2.51;2.51;26606;0
02.04.2026;12:02;2.51;2.51;2.50;2.50;2.50;63850;0
02.04.2026;12:03;2.50;2.50;2.50;2.50;2.50;65000;0
02.04.2026;12:04;2.51;2.51;2.50;2.51;2.50;1267776;0
02.04.2026;12:05;2.51;2.51;2.50;2.50;2.50;405964;0
02.04.2026;12:06;2.50;2.51;2.50;2.51;2.50;5032751;0
02.04.2026;12:07;2.51;2.51;2.50;2.51;2.50;434220;0
02.04.2026;12:08;2.51;2.51;2.50;2.51;2.50;174193;0
02.04.2026;12:09;2.51;2.51;2.50;2.51;2.50;6336646;0
02.04.2026;12:10;2.50;2.51;2.50;2.51;2.50;425500;0
02.04.2026;12:11;2.51;2.51;2.50;2.50;2.50;522763;0
02.04.2026;12:12;2.50;2.51;2.50;2.50;2.50;620500;0
02.04.2026;12:13;2.50;2.51;2.50;2.51;2.50;2528008;0
02.04.2026;12:14;2.50;2.50;2.50;2.50;2.50;38250;0
02.04.2026;12:15;2.50;2.51;2.50;2.50;2.50;214600;0
02.04.2026;12:16;2.50;2.50;2.50;2.50;2.50;504750;0
02.04.2026;12:17;2.50;2.51;2.50;2.50;2.50;1502250;0
02.04.2026;12:18;2.51;2.52;2.51;2.52;2.51;32902996;0
02.04.2026;12:19;2.53;2.53;2.51;2.51;2.52;18750664;0
02.04.2026;12:20;2.52;2.52;2.51;2.51;2.51;7464858;0
02.04.2026;12:21;2.52;2.53;2.51;2.52;2.52;3112947;0
02.04.2026;12:22;2.53;2.53;2.52;2.52;2.52;7513996;0
02.04.2026;12:23;2.51;2.53;2.51;2.53;2.52;5422276;0
02.04.2026;12:24;2.52;2.54;2.52;2.54;2.53;12204600;0
02.04.2026;12:25;2.54;2.54;2.52;2.52;2.53;9830082;0
02.04.2026;12:26;2.53;2.53;2.52;2.52;2.52;8398710;0
02.04.2026;12:27;2.52;2.53;2.52;2.53;2.52;277178;0
02.04.2026;12:28;2.52;2.54;2.52;2.54;2.53;14405655;0
02.04.2026;12:29;2.54;2.55;2.53;2.54;2.54;4031964;0
02.04.2026;12:30;2.53;2.55;2.53;2.53;2.54;1634988;0
02.04.2026;12:31;2.54;2.55;2.53;2.55;2.54;2188538;0
02.04.2026;12:32;2.55;2.56;2.54;2.56;2.55;10887181;0
02.04.2026;12:33;2.56;2.56;2.54;2.54;2.55;14566398;0
02.04.2026;12:34;2.54;2.57;2.54;2.56;2.55;13717841;0
02.04.2026;12:35;2.56;2.57;2.55;2.55;2.56;4610073;0
02.04.2026;12:36;2.55;2.56;2.54;2.55;2.55;10486479;0
02.04.2026;12:37;2.55;2.55;2.54;2.54;2.54;747400;0
02.04.2026;12:38;2.55;2.55;2.54;2.54;2.54;1623666;0
02.04.2026;12:39;2.55;2.55;2.54;2.55;2.54;267826;0
02.04.2026;12:40;2.54;2.55;2.54;2.55;2.54;882258;0
02.04.2026;12:41;2.55;2.55;2.54;2.54;2.54;1629738;0
02.04.2026;12:42;2.55;2.55;2.55;2.55;2.55;143055;0
02.04.2026;12:43;2.54;2.54;2.53;2.53;2.53;9809997;0
02.04.2026;12:44;2.53;2.54;2.53;2.53;2.53;846323;0
02.04.2026;12:45;2.54;2.54;2.53;2.53;2.53;335636;0
02.04.2026;12:46;2.54;2.54;2.53;2.54;2.53;1531109;0
02.04.2026;12:47;2.54;2.54;2.53;2.53;2.53;360676;0
02.04.2026;12:48;2.53;2.54;2.53;2.54;2.53;68774;0
02.04.2026;12:49;2.54;2.54;2.53;2.54;2.53;773732;0
02.04.2026;12:50;2.53;2.54;2.53;2.54;2.53;2784775;0
02.04.2026;12:51;2.54;2.54;2.53;2.54;2.53;2533810;0
02.04.2026;12:52;2.54;2.54;2.53;2.54;2.53;31630;0
02.04.2026;12:53;2.54;2.54;2.54;2.54;2.54;254000;0
02.04.2026;12:54;2.54;2.54;2.53;2.54;2.53;357916;0
02.04.2026;12:55;2.54;2.54;2.53;2.54;2.53;534346;0
02.04.2026;12:56;2.54;2.54;2.53;2.54;2.53;93190;0
02.04.2026;12:57;2.54;2.54;2.53;2.54;2.53;639824;0
02.04.2026;12:58;2.54;2.54;2.53;2.53;2.53;14280848;0
02.04.2026;12:59;2.52;2.53;2.51;2.52;2.52;26687684;0
02.04.2026;13:00;2.52;2.52;2.51;2.51;2.51;2631605;0
02.04.2026;13:01;2.52;2.52;2.50;2.51;2.51;13677990;0
02.04.2026;13:02;2.51;2.51;2.51;2.51;2.51;3158333;0
02.04.2026;13:03;2.51;2.51;2.51;2.51;2.51;365456;0
02.04.2026;13:04;2.51;2.51;2.51;2.51;2.51;126253;0
02.04.2026;13:05;2.50;2.51;2.50;2.51;2.50;308430;0
02.04.2026;13:06;2.51;2.51;2.51;2.51;2.51;209083;0
02.04.2026;13:07;2.51;2.51;2.50;2.51;2.50;639056;0
02.04.2026;13:08;2.51;2.51;2.51;2.51;2.51;130520;0
02.04.2026;13:09;2.51;2.51;2.50;2.51;2.50;91515;0
02.04.2026;13:10;2.51;2.51;2.51;2.51;2.51;502;0
02.04.2026;13:11;2.51;2.51;2.50;2.51;2.50;1430252;0
02.04.2026;13:12;2.50;2.51;2.50;2.51;2.50;3473554;0
02.04.2026;13:13;2.51;2.51;2.50;2.50;2.50;22560;0
02.04.2026;13:14;2.50;2.51;2.50;2.51;2.50;1578735;0
02.04.2026;13:15;2.51;2.52;2.51;2.52;2.51;251252;0
02.04.2026;13:16;2.52;2.52;2.51;2.51;2.51;997470;0
02.04.2026;13:17;2.52;2.52;2.51;2.52;2.51;20624;0
02.04.2026;13:18;2.52;2.52;2.52;2.52;2.52;252;0
02.04.2026;13:19;2.52;2.52;2.52;2.52;2.52;208404;0
02.04.2026;13:20;2.52;2.52;2.52;2.52;2.52;63000;0
02.04.2026;13:21;2.51;2.52;2.51;2.52;2.51;8228231;0
02.04.2026;13:22;2.53;2.53;2.52;2.52;2.52;1375772;0
02.04.2026;13:23;2.52;2.53;2.51;2.53;2.52;12386702;0
02.04.2026;13:24;2.52;2.53;2.52;2.52;2.52;258807;0
02.04.2026;13:25;2.52;2.52;2.52;2.52;2.52;831600;0
02.04.2026;13:26;2.53;2.53;2.53;2.53;2.53;253;0
02.04.2026;13:27;2.53;2.53;2.52;2.53;2.52;31116;0
02.04.2026;13:28;2.53;2.53;2.53;2.53;2.53;25553;0
02.04.2026;13:29;2.53;2.53;2.53;2.53;2.53;63250;0
02.04.2026;13:30;2.53;2.53;2.52;2.52;2.52;84247;0
02.04.2026;13:31;2.52;2.53;2.52;2.53;2.52;54899;0
02.04.2026;13:32;2.53;2.53;2.53;2.53;2.53;2530;0
02.04.2026;13:33;2.52;2.53;2.52;2.53;2.52;2042212;0
02.04.2026;13:34;2.53;2.53;2.53;2.53;2.53;650969;0
02.04.2026;13:35;2.52;2.53;2.52;2.53;2.52;15121;0
02.04.2026;13:36;2.52;2.53;2.52;2.52;2.52;9073;0
02.04.2026;13:37;2.53;2.53;2.53;2.53;2.53;50600;0
02.04.2026;13:38;2.53;2.53;2.53;2.53;2.53;1265;0
02.04.2026;13:39;2.53;2.53;2.52;2.52;2.52;309173;0
02.04.2026;13:40;2.53;2.53;2.52;2.53;2.52;199670;0
02.04.2026;13:41;2.53;2.53;2.52;2.52;2.52;1004681;0
02.04.2026;13:42;2.52;2.53;2.52;2.52;2.52;1893279;0
02.04.2026;13:43;2.53;2.53;2.53;2.53;2.53;253;0
02.04.2026;13:44;2.52;2.52;2.51;2.52;2.51;3556475;0
02.04.2026;13:45;2.52;2.52;2.51;2.51;2.51;38302;0
02.04.2026;13:46;2.52;2.52;2.52;2.52;2.52;504;0
02.04.2026;13:47;2.52;2.52;2.51;2.51;2.51;128510;0
02.04.2026;13:48;2.51;2.52;2.51;2.52;2.51;117990;0
02.04.2026;13:49;2.52;2.52;2.52;2.52;2.52;113148;0
02.04.2026;13:50;2.52;2.52;2.52;2.52;2.52;25200;0
02.04.2026;13:51;2.51;2.51;2.51;2.51;2.51;25351;0
02.04.2026;13:52;2.51;2.52;2.51;2.52;2.51;127511;0
02.04.2026;13:53;2.52;2.52;2.52;2.52;2.52;23688;0
02.04.2026;13:55;2.52;2.52;2.52;2.52;2.52;75600;0
02.04.2026;13:57;2.52;2.52;2.52;2.52;2.52;50400;0
02.04.2026;13:58;2.52;2.52;2.51;2.51;2.51;25702;0
02.04.2026;14:01;2.51;2.52;2.51;2.52;2.51;334532;0
02.04.2026;14:02;2.51;2.51;2.51;2.51;2.51;251;0
02.04.2026;14:03;2.52;2.52;2.51;2.51;2.51;26959;0
02.04.2026;14:04;2.51;2.52;2.51;2.51;2.51;278204;0
02.04.2026;14:05;2.52;2.52;2.52;2.52;2.52;165564;0
02.04.2026;14:06;2.52;2.52;2.52;2.52;2.52;386064;0
02.04.2026;14:07;2.52;2.52;2.52;2.52;2.52;280980;0
02.04.2026;14:09;2.52;2.52;2.52;2.52;2.52;162792;0
02.04.2026;14:10;2.52;2.52;2.52;2.52;2.52;46620;0
02.04.2026;14:11;2.51;2.52;2.51;2.52;2.51;436210;0
02.04.2026;14:12;2.52;2.52;2.52;2.52;2.52;142128;0
02.04.2026;14:13;2.52;2.52;2.52;2.52;2.52;592200;0
02.04.2026;14:14;2.52;2.52;2.51;2.52;2.51;3696956;0
02.04.2026;14:15;2.52;2.52;2.52;2.52;2.52;73836;0
02.04.2026;14:16;2.52;2.52;2.52;2.52;2.52;163548;0
02.04.2026;14:17;2.52;2.52;2.51;2.51;2.51;758040;0
02.04.2026;14:18;2.52;2.52;2.52;2.52;2.52;174636;0
02.04.2026;14:19;2.52;2.52;2.52;2.52;2.52;298116;0
02.04.2026;14:22;2.52;2.52;2.52;2.52;2.52;4284;0
02.04.2026;14:24;2.52;2.52;2.52;2.52;2.52;68235048;0
02.04.2026;14:25;2.52;2.53;2.52;2.53;2.52;35529248;0
02.04.2026;14:26;2.53;2.53;2.52;2.53;2.52;5302212;0
02.04.2026;14:27;2.52;2.53;2.52;2.52;2.52;347598;0
02.04.2026;14:28;2.53;2.53;2.52;2.53;2.52;70586;0
02.04.2026;14:29;2.53;2.53;2.52;2.53;2.52;53942;0
02.04.2026;14:30;2.52;2.52;2.52;2.52;2.52;252756;0
02.04.2026;14:31;2.52;2.53;2.52;2.53;2.52;43513;0
02.04.2026;14:32;2.52;2.53;2.52;2.53;2.52;1358101;0
02.04.2026;14:33;2.52;2.52;2.52;2.52;2.52;8064;0
02.04.2026;14:34;2.52;2.53;2.52;2.53;2.52;7860541;0
02.04.2026;14:35;2.53;2.53;2.52;2.53;2.52;7063241;0
02.04.2026;14:36;2.53;2.54;2.52;2.53;2.53;15758457;0
02.04.2026;14:37;2.53;2.54;2.53;2.53;2.53;2571878;0
02.04.2026;14:38;2.53;2.53;2.53;2.53;2.53;1265;0
02.04.2026;14:39;2.53;2.54;2.53;2.53;2.53;1538846;0
02.04.2026;14:40;2.52;2.53;2.52;2.53;2.52;70079;0
02.04.2026;14:41;2.52;2.53;2.52;2.53;2.52;2781;0
02.04.2026;14:42;2.53;2.53;2.53;2.53;2.53;369380;0
02.04.2026;14:43;2.53;2.53;2.53;2.53;2.53;184690;0
02.04.2026;14:44;2.53;2.53;2.52;2.52;2.52;3286;0
02.04.2026;14:45;2.52;2.53;2.52;2.52;2.52;30512;0
02.04.2026;14:46;2.53;2.53;2.53;2.53;2.53;1012;0
02.04.2026;14:47;2.53;2.53;2.52;2.53;2.52;2643550;0
02.04.2026;14:48;2.53;2.54;2.53;2.54;2.53;173467;0
02.04.2026;14:50;2.54;2.54;2.53;2.53;2.53;15230;0
02.04.2026;14:51;2.53;2.53;2.53;2.53;2.53;6325;0
02.04.2026;14:52;2.53;2.54;2.53;2.53;2.53;528245;0
02.04.2026;14:53;2.54;2.54;2.53;2.53;2.53;404900;0
02.04.2026;14:54;2.54;2.54;2.54;2.54;2.54;110744;0
02.04.2026;14:56;2.54;2.55;2.53;2.54;2.54;46205720;0
02.04.2026;14:57;2.54;2.55;2.53;2.54;2.54;10065507;0
02.04.2026;14:58;2.54;2.55;2.53;2.55;2.54;3455450;0
02.04.2026;14:59;2.54;2.55;2.54;2.55;2.54;9522958;0
02.04.2026;15:00;2.54;2.55;2.54;2.55;2.54;80833;0
02.04.2026;15:01;2.55;2.55;2.54;2.55;2.54;704052;0
02.04.2026;15:02;2.55;2.55;2.55;2.55;2.55;208335;0
02.04.2026;15:03;2.55;2.55;2.54;2.54;2.54;1427996;0
02.04.2026;15:04;2.54;2.55;2.54;2.55;2.54;1286830;0
02.04.2026;15:05;2.55;2.55;2.54;2.54;2.54;77924;0
02.04.2026;15:06;2.55;2.55;2.54;2.55;2.54;9460239;0
02.04.2026;15:07;2.54;2.55;2.54;2.54;2.54;2193916;0
02.04.2026;15:08;2.55;2.55;2.54;2.54;2.54;8934429;0
02.04.2026;15:09;2.55;2.55;2.54;2.55;2.54;14090274;0
02.04.2026;15:10;2.55;2.55;2.54;2.55;2.54;679723;0
02.04.2026;15:11;2.55;2.56;2.54;2.56;2.55;16984580;0
02.04.2026;15:12;2.56;2.56;2.55;2.56;2.55;10243268;0
02.04.2026;15:13;2.56;2.57;2.56;2.56;2.56;13348159;0
02.04.2026;15:14;2.57;2.57;2.56;2.56;2.56;13482293;0
02.04.2026;15:15;2.57;2.57;2.55;2.56;2.56;4528988;0
02.04.2026;15:16;2.55;2.56;2.55;2.56;2.55;1711864;0
02.04.2026;15:17;2.56;2.56;2.55;2.55;2.55;204050;0
02.04.2026;15:18;2.56;2.56;2.55;2.56;2.55;868308;0
02.04.2026;15:19;2.55;2.56;2.55;2.55;2.55;395350;0
02.04.2026;15:20;2.55;2.56;2.55;2.55;2.55;1378120;0
02.04.2026;15:21;2.55;2.56;2.55;2.56;2.55;613756;0
02.04.2026;15:22;2.55;2.56;2.55;2.56;2.55;166294;0
02.04.2026;15:23;2.55;2.56;2.55;2.56;2.55;813895;0
02.04.2026;15:24;2.56;2.56;2.55;2.56;2.55;478832;0
02.04.2026;15:25;2.55;2.56;2.55;2.56;2.55;4606;0
02.04.2026;15:26;2.56;2.57;2.55;2.56;2.56;10259363;0
02.04.2026;15:27;2.55;2.57;2.55;2.56;2.56;5006101;0
02.04.2026;15:28;2.56;2.57;2.56;2.57;2.56;1041358;0
02.04.2026;15:29;2.57;2.57;2.56;2.57;2.56;567295;0
02.04.2026;15:30;2.56;2.57;2.56;2.57;2.56;13714592;0
02.04.2026;15:31;2.56;2.58;2.56;2.56;2.57;23087492;0
02.04.2026;15:32;2.56;2.56;2.56;2.56;2.56;872704;0
02.04.2026;15:33;2.57;2.57;2.56;2.56;2.56;104212;0
02.04.2026;15:34;2.56;2.57;2.56;2.56;2.56;1108544;0
02.04.2026;15:35;2.57;2.58;2.57;2.58;2.57;10148198;0
02.04.2026;15:36;2.57;2.57;2.56;2.57;2.56;5633687;0
02.04.2026;15:37;2.56;2.57;2.56;2.56;2.56;7707;0
02.04.2026;15:38;2.56;2.57;2.56;2.57;2.56;403457;0
02.04.2026;15:39;2.57;2.57;2.56;2.56;2.56;293460;0
02.04.2026;15:40;2.57;2.57;2.55;2.55;2.56;10059544;0
02.04.2026;15:41;2.56;2.57;2.56;2.56;2.56;2821064;0
02.04.2026;15:42;2.57;2.57;2.56;2.57;2.56;223177;0
02.04.2026;15:43;2.57;2.57;2.56;2.57;2.56;26935;0
02.04.2026;15:44;2.57;2.57;2.56;2.57;2.56;725766;0
02.04.2026;15:45;2.56;2.57;2.55;2.55;2.56;6096294;0
02.04.2026;15:46;2.55;2.56;2.55;2.55;2.55;10717;0
02.04.2026;15:47;2.55;2.56;2.55;2.56;2.55;232295;0
02.04.2026;15:48;2.55;2.56;2.55;2.56;2.55;1350652;0
02.04.2026;15:49;2.57;2.57;2.56;2.56;2.56;316446;0
02.04.2026;15:50;2.57;2.57;2.56;2.56;2.56;255627;0
02.04.2026;15:51;2.56;2.56;2.56;2.56;2.56;13312;0
02.04.2026;15:52;2.57;2.57;2.56;2.56;2.56;247820;0
02.04.2026;15:53;2.57;2.57;2.56;2.57;2.56;378551;0
02.04.2026;15:54;2.57;2.57;2.56;2.57;2.56;281054;0
02.04.2026;15:55;2.56;2.57;2.56;2.57;2.56;569767;0
02.04.2026;15:56;2.56;2.57;2.55;2.55;2.56;6089479;0
02.04.2026;15:57;2.55;2.56;2.55;2.55;2.55;1335880;0
02.04.2026;15:58;2.55;2.56;2.55;2.55;2.55;3269873;0
02.04.2026;15:59;2.55;2.56;2.55;2.55;2.55;3996207;0
02.04.2026;16:00;2.55;2.56;2.55;2.55;2.55;3012871;0
02.04.2026;16:01;2.55;2.56;2.55;2.55;2.55;2966086;0
02.04.2026;16:02;2.56;2.56;2.54;2.55;2.55;2213307;0
02.04.2026;16:03;2.55;2.57;2.55;2.57;2.56;4491841;0
02.04.2026;16:04;2.56;2.58;2.56;2.58;2.57;15838518;0
02.04.2026;16:05;2.57;2.58;2.57;2.57;2.57;1962935;0
02.04.2026;16:06;2.57;2.58;2.57;2.57;2.57;1509440;0
02.04.2026;16:07;2.58;2.58;2.56;2.56;2.57;15396346;0
02.04.2026;16:08;2.57;2.57;2.56;2.57;2.56;8085823;0
02.04.2026;16:09;2.56;2.57;2.56;2.57;2.56;873098;0
02.04.2026;16:10;2.56;2.57;2.56;2.57;2.56;1832764;0
02.04.2026;16:11;2.57;2.57;2.56;2.56;2.56;466906;0
02.04.2026;16:12;2.56;2.57;2.56;2.56;2.56;289418;0
02.04.2026;16:13;2.56;2.57;2.56;2.56;2.56;4618;0
02.04.2026;16:14;2.57;2.57;2.56;2.57;2.56;62704;0
02.04.2026;16:15;2.56;2.57;2.56;2.56;2.56;68098;0
02.04.2026;16:16;2.57;2.57;2.56;2.56;2.56;770;0
02.04.2026;16:17;2.57;2.57;2.56;2.56;2.56;47439;0
02.04.2026;16:18;2.57;2.57;2.56;2.57;2.56;81181;0
02.04.2026;16:19;2.57;2.57;2.56;2.57;2.56;128496;0
02.04.2026;16:20;2.56;2.57;2.56;2.56;2.56;147989;0
02.04.2026;16:21;2.57;2.57;2.56;2.56;2.56;149470;0
02.04.2026;16:22;2.57;2.57;2.56;2.57;2.56;193005;0
02.04.2026;16:23;2.56;2.57;2.56;2.56;2.56;366089;0
02.04.2026;16:24;2.56;2.56;2.56;2.56;2.56;174336;0
02.04.2026;16:25;2.56;2.57;2.56;2.57;2.56;7681;0
02.04.2026;16:26;2.57;2.57;2.56;2.56;2.56;319784;0
02.04.2026;16:27;2.57;2.57;2.56;2.56;2.56;1058952;0
02.04.2026;16:28;2.56;2.56;2.56;2.56;2.56;8812032;0
02.04.2026;16:29;2.56;2.57;2.56;2.56;2.56;371401;0
02.04.2026;16:31;2.57;2.57;2.56;2.56;2.56;2693217;0
02.04.2026;16:32;2.56;2.57;2.56;2.56;2.56;1549618;0
02.04.2026;16:33;2.56;2.57;2.56;2.56;2.56;1051649;0
02.04.2026;16:34;2.56;2.57;2.56;2.56;2.56;27753;0
02.04.2026;16:35;2.57;2.57;2.56;2.56;2.56;1415299;0
02.04.2026;16:36;2.57;2.57;2.56;2.56;2.56;159331;0
02.04.2026;16:37;2.57;2.57;2.56;2.56;2.56;1807626;0
02.04.2026;16:38;2.56;2.57;2.56;2.56;2.56;16404;0
02.04.2026;16:39;2.57;2.57;2.56;2.56;2.56;196338;0
02.04.2026;16:40;2.57;2.57;2.57;2.57;2.57;352604;0
02.04.2026;16:41;2.57;2.57;2.56;2.57;2.56;366432;0
02.04.2026;16:42;2.57;2.57;2.56;2.56;2.56;351832;0
02.04.2026;16:43;2.57;2.57;2.57;2.57;2.57;724483;0
02.04.2026;16:44;2.57;2.57;2.56;2.57;2.56;165713;0
02.04.2026;16:45;2.56;2.56;2.56;2.56;2.56;31232;0
02.04.2026;16:46;2.56;2.57;2.56;2.56;2.56;41474;0
02.04.2026;16:47;2.56;2.57;2.56;2.56;2.56;773396;0
02.04.2026;16:49;2.56;2.56;2.56;2.56;2.56;102400;0
02.04.2026;16:50;2.57;2.57;2.56;2.56;2.56;5729024;0
02.04.2026;16:51;2.57;2.57;2.55;2.55;2.56;10629579;0
02.04.2026;16:52;2.55;2.55;2.55;2.55;2.55;510;0
02.04.2026;16:53;2.56;2.56;2.56;2.56;2.56;102912;0
02.04.2026;16:54;2.56;2.56;2.55;2.56;2.55;267262;0
02.04.2026;16:55;2.55;2.56;2.55;2.56;2.55;2588507;0
02.04.2026;16:56;2.56;2.56;2.55;2.55;2.55;313676;0
02.04.2026;16:57;2.56;2.56;2.55;2.56;2.55;85910;0
02.04.2026;16:58;2.55;2.56;2.55;2.55;2.55;154620;0
02.04.2026;16:59;2.56;2.56;2.55;2.55;2.55;145110;0
02.04.2026;17:00;2.55;2.55;2.55;2.55;2.55;47685;0
02.04.2026;17:01;2.55;2.56;2.55;2.55;2.55;2032167;0
02.04.2026;17:02;2.56;2.56;2.56;2.56;2.56;195072;0
02.04.2026;17:03;2.56;2.57;2.56;2.57;2.56;17558410;0
02.04.2026;17:04;2.57;2.57;2.56;2.57;2.56;5455743;0
02.04.2026;17:05;2.57;2.57;2.56;2.57;2.56;7503862;0
02.04.2026;17:06;2.57;2.57;2.55;2.56;2.56;11416083;0
02.04.2026;17:07;2.55;2.56;2.54;2.55;2.55;25114010;0
02.04.2026;17:08;2.55;2.56;2.55;2.55;2.55;4725360;0
02.04.2026;17:09;2.55;2.56;2.55;2.56;2.55;126186;0
02.04.2026;17:10;2.55;2.56;2.55;2.56;2.55;110474;0
02.04.2026;17:11;2.56;2.56;2.56;2.56;2.56;2914560;0
02.04.2026;17:12;2.56;2.56;2.55;2.55;2.55;1663155;0
02.04.2026;17:13;2.56;2.56;2.55;2.55;2.55;222065;0
02.04.2026;17:14;2.55;2.55;2.55;2.55;2.55;94860;0
02.04.2026;17:15;2.55;2.55;2.54;2.54;2.54;6737378;0
02.04.2026;17:16;2.55;2.55;2.55;2.55;2.55;834615;0
02.04.2026;17:17;2.55;2.56;2.55;2.55;2.55;363271;0
02.04.2026;17:19;2.55;2.56;2.55;2.56;2.55;89506;0
02.04.2026;17:20;2.56;2.56;2.55;2.55;2.55;26620;0
02.04.2026;17:21;2.55;2.56;2.55;2.56;2.55;295830;0
02.04.2026;17:22;2.56;2.56;2.56;2.56;2.56;5120;0
02.04.2026;17:23;2.55;2.55;2.55;2.55;2.55;956250;0
02.04.2026;17:24;2.55;2.56;2.55;2.56;2.55;387558;0
02.04.2026;17:25;2.55;2.55;2.54;2.54;2.54;2285702;0
02.04.2026;17:26;2.55;2.55;2.54;2.54;2.54;5550634;0
02.04.2026;17:27;2.54;2.54;2.53;2.53;2.53;65498064;0
02.04.2026;17:28;2.53;2.53;2.52;2.53;2.52;1690241;0
02.04.2026;17:29;2.53;2.54;2.52;2.53;2.53;4129931;0
02.04.2026;17:30;2.54;2.54;2.53;2.54;2.53;2437597;0
02.04.2026;17:31;2.54;2.54;2.53;2.54;2.53;1384452;0
02.04.2026;17:32;2.54;2.54;2.53;2.54;2.53;240787;0
02.04.2026;17:33;2.54;2.54;2.53;2.53;2.53;759513;0
02.04.2026;17:34;2.54;2.54;2.53;2.54;2.53;830612;0
02.04.2026;17:35;2.53;2.54;2.53;2.53;2.53;268441;0
02.04.2026;17:36;2.54;2.54;2.52;2.52;2.53;13176164;0
02.04.2026;17:37;2.53;2.53;2.51;2.52;2.52;38951104;0
02.04.2026;17:38;2.52;2.53;2.52;2.52;2.52;705800;0
02.04.2026;17:39;2.53;2.53;2.52;2.53;2.52;3982888;0
02.04.2026;17:40;2.53;2.53;2.52;2.52;2.52;2719842;0
02.04.2026;17:41;2.53;2.53;2.52;2.53;2.52;1603088;0
02.04.2026;17:42;2.53;2.53;2.52;2.53;2.52;2778449;0
02.04.2026;17:43;2.53;2.53;2.52;2.53;2.52;914149;0
02.04.2026;17:44;2.53;2.53;2.53;2.53;2.53;475387;0
02.04.2026;17:45;2.53;2.53;2.53;2.53;2.53;762289;0
02.04.2026;17:46;2.53;2.53;2.53;2.53;2.53;32890;0
02.04.2026;17:47;2.52;2.53;2.52;2.53;2.52;233826;0
02.04.2026;17:48;2.53;2.53;2.52;2.53;2.52;2070058;0
02.04.2026;17:49;2.52;2.53;2.52;2.53;2.52;1312975;0
02.04.2026;17:50;2.52;2.54;2.52;2.54;2.53;28683142;0
02.04.2026;17:51;2.53;2.54;2.52;2.53;2.53;4701055;0
02.04.2026;17:52;2.52;2.54;2.52;2.54;2.53;9195835;0
02.04.2026;17:53;2.54;2.54;2.52;2.53;2.53;4882330;0
02.04.2026;17:54;2.53;2.53;2.52;2.53;2.52;3805806;0
02.04.2026;17:55;2.52;2.53;2.52;2.52;2.52;359799;0
02.04.2026;17:56;2.52;2.53;2.52;2.52;2.52;12376082;0
02.04.2026;17:57;2.52;2.52;2.51;2.52;2.51;1007819;0
02.04.2026;17:58;2.51;2.53;2.51;2.52;2.52;7570355;0
02.04.2026;17:59;2.52;2.52;2.51;2.52;2.51;2546213;0
02.04.2026;18:00;2.52;2.52;2.51;2.52;2.51;3291812;0
02.04.2026;18:01;2.52;2.52;2.51;2.52;2.51;339068;0
02.04.2026;18:02;2.52;2.52;2.51;2.52;2.51;390763;0
02.04.2026;18:03;2.52;2.52;2.51;2.52;2.51;580763;0
02.04.2026;18:04;2.51;2.52;2.51;2.52;2.51;8568384;0
02.04.2026;18:05;2.52;2.52;2.51;2.52;2.51;130184;0
02.04.2026;18:06;2.52;2.52;2.52;2.52;2.52;156240;0
02.04.2026;18:07;2.51;2.52;2.51;2.52;2.51;315560;0
02.04.2026;18:08;2.51;2.52;2.51;2.52;2.51;578483;0
02.04.2026;18:09;2.52;2.52;2.51;2.52;2.51;2152852;0
02.04.2026;18:10;2.51;2.52;2.51;2.52;2.51;1857440;0
02.04.2026;18:11;2.52;2.52;2.51;2.51;2.51;183443;0
02.04.2026;18:12;2.51;2.52;2.51;2.51;2.51;177055;0
02.04.2026;18:13;2.52;2.52;2.51;2.51;2.51;409146;0
02.04.2026;18:14;2.51;2.53;2.51;2.53;2.52;20589144;0
03.04.2026;09:30;2.53;2.53;2.53;2.53;2.53;131054;0
03.04.2026;09:35;2.53;2.53;2.52;2.52;2.52;324325;0
03.04.2026;09:36;2.53;2.53;2.51;2.51;2.52;2698817;0
03.04.2026;09:37;2.51;2.52;2.51;2.51;2.51;315135;0
03.04.2026;09:38;2.51;2.52;2.51;2.52;2.51;167920;0
03.04.2026;09:39;2.52;2.52;2.52;2.52;2.52;4032;0
03.04.2026;09:40;2.51;2.52;2.51;2.52;2.51;166363;0
03.04.2026;09:41;2.52;2.52;2.51;2.51;2.51;184232;0
03.04.2026;09:42;2.51;2.52;2.51;2.52;2.51;334079;0
03.04.2026;09:43;2.52;2.52;2.51;2.51;2.51;15612;0
03.04.2026;09:44;2.52;2.52;2.52;2.52;2.52;189504;0
03.04.2026;09:45;2.52;2.52;2.52;2.52;2.52;13860;0
03.04.2026;09:46;2.51;2.52;2.51;2.52;2.51;54682;0
03.04.2026;09:47;2.52;2.52;2.51;2.52;2.51;81218;0
03.04.2026;09:48;2.51;2.51;2.51;2.51;2.51;65260;0
03.04.2026;09:49;2.52;2.52;2.52;2.52;2.52;759024;0
03.04.2026;09:50;2.51;2.52;2.51;2.52;2.51;630761;0
03.04.2026;09:51;2.51;2.51;2.51;2.51;2.51;13052;0
03.04.2026;09:52;2.52;2.52;2.52;2.52;2.52;272664;0
03.04.2026;09:53;2.52;2.52;2.52;2.52;2.52;2520;0
03.04.2026;09:54;2.52;2.52;2.52;2.52;2.52;3780;0
03.04.2026;09:55;2.52;2.52;2.52;2.52;2.52;1260000;0
03.04.2026;09:56;2.52;2.52;2.51;2.51;2.51;1269814;0
03.04.2026;09:57;2.52;2.52;2.51;2.51;2.51;267414;0
03.04.2026;09:58;2.52;2.52;2.51;2.51;2.51;113451;0
03.04.2026;09:59;2.52;2.52;2.51;2.52;2.51;4070797;0
03.04.2026;10:00;2.52;2.52;2.52;2.52;2.52;1098720;0
03.04.2026;10:02;2.52;2.52;2.52;2.52;2.52;163800;0
03.04.2026;10:03;2.52;2.52;2.52;2.52;2.52;52668;0
03.04.2026;10:04;2.52;2.53;2.52;2.52;2.52;146212;0
03.04.2026;10:05;2.52;2.54;2.51;2.53;2.52;20675080;0
03.04.2026;10:06;2.54;2.54;2.53;2.54;2.53;20162406;0
03.04.2026;10:07;2.54;2.54;2.53;2.54;2.53;747233;0
03.04.2026;10:08;2.54;2.54;2.53;2.54;2.53;2219357;0
03.04.2026;10:09;2.55;2.55;2.54;2.54;2.54;3585126;0
03.04.2026;10:10;2.54;2.54;2.52;2.54;2.53;13265370;0
03.04.2026;10:11;2.53;2.54;2.51;2.51;2.52;14513876;0
03.04.2026;10:12;2.51;2.52;2.51;2.52;2.51;7648427;0
03.04.2026;10:13;2.53;2.53;2.53;2.53;2.53;17710;0
03.04.2026;10:14;2.53;2.53;2.53;2.53;2.53;135355;0
03.04.2026;10:15;2.53;2.53;2.52;2.53;2.52;3732460;0
03.04.2026;10:16;2.53;2.54;2.52;2.52;2.53;4648502;0
03.04.2026;10:17;2.53;2.53;2.51;2.52;2.52;10120999;0
03.04.2026;10:18;2.51;2.52;2.51;2.52;2.51;205890;0
03.04.2026;10:19;2.52;2.52;2.51;2.52;2.51;145151;0
03.04.2026;10:20;2.51;2.52;2.51;2.51;2.51;608471;0
03.04.2026;10:21;2.51;2.51;2.51;2.51;2.51;7781;0
03.04.2026;10:22;2.52;2.52;2.51;2.52;2.51;260054;0
03.04.2026;10:23;2.52;2.52;2.52;2.52;2.52;603792;0
03.04.2026;10:24;2.52;2.52;2.52;2.52;2.52;117180;0
03.04.2026;10:25;2.52;2.52;2.51;2.51;2.51;80319;0
03.04.2026;10:26;2.52;2.52;2.52;2.52;2.52;2520;0
03.04.2026;10:27;2.52;2.52;2.51;2.51;2.51;44537;0
03.04.2026;10:28;2.51;2.51;2.51;2.51;2.51;25853;0
03.04.2026;10:29;2.51;2.51;2.51;2.51;2.51;137297;0
03.04.2026;10:30;2.51;2.52;2.51;2.52;2.51;322782;0
03.04.2026;10:31;2.52;2.52;2.51;2.52;2.51;132052;0
03.04.2026;10:32;2.51;2.51;2.51;2.51;2.51;597882;0
03.04.2026;10:34;2.52;2.52;2.51;2.52;2.51;30414;0
03.04.2026;10:35;2.51;2.52;2.51;2.51;2.51;73833;0
03.04.2026;10:36;2.51;2.51;2.51;2.51;2.51;166413;0
03.04.2026;10:37;2.52;2.52;2.52;2.52;2.52;1764;0
03.04.2026;10:38;2.51;2.52;2.51;2.51;2.51;894386;0
03.04.2026;10:39;2.51;2.51;2.50;2.50;2.50;27674256;0
03.04.2026;10:40;2.50;2.51;2.50;2.50;2.50;31893948;0
03.04.2026;10:41;2.49;2.50;2.49;2.49;2.50;26438276;0
03.04.2026;10:42;2.49;2.50;2.49;2.49;2.50;482214;0
03.04.2026;10:43;2.49;2.49;2.49;2.49;2.49;382962;0
03.04.2026;10:44;2.49;2.50;2.49;2.49;2.50;507068;0
03.04.2026;10:45;2.49;2.50;2.49;2.49;2.50;998342;0
03.04.2026;10:46;2.49;2.49;2.48;2.48;2.49;9684553;0
03.04.2026;10:47;2.48;2.48;2.45;2.46;2.47;57961120;0
03.04.2026;10:48;2.46;2.47;2.46;2.46;2.47;30896484;0
03.04.2026;10:49;2.46;2.47;2.45;2.46;2.46;4081896;0
03.04.2026;10:50;2.46;2.47;2.46;2.46;2.47;2923466;0
03.04.2026;10:51;2.46;2.47;2.46;2.46;2.47;3343074;0
03.04.2026;10:52;2.47;2.47;2.46;2.47;2.47;178306;0
03.04.2026;10:53;2.47;2.47;2.46;2.47;2.47;517772;0
03.04.2026;10:54;2.46;2.47;2.46;2.46;2.47;361137;0
03.04.2026;10:55;2.46;2.47;2.45;2.45;2.46;22117126;0
03.04.2026;10:56;2.45;2.46;2.45;2.46;2.46;7214275;0
03.04.2026;10:57;2.45;2.46;2.45;2.45;2.46;1307563;0
03.04.2026;10:58;2.46;2.46;2.45;2.45;2.46;333840;0
03.04.2026;10:59;2.45;2.46;2.45;2.46;2.46;259749;0
03.04.2026;11:00;2.45;2.46;2.44;2.45;2.45;38995296;0
03.04.2026;11:01;2.45;2.46;2.45;2.45;2.46;1534735;0
03.04.2026;11:02;2.45;2.46;2.45;2.45;2.46;370231;0
03.04.2026;11:03;2.45;2.46;2.45;2.46;2.46;1863925;0
03.04.2026;11:04;2.46;2.46;2.45;2.45;2.46;265443;0
03.04.2026;11:05;2.45;2.46;2.45;2.45;2.46;3661760;0
03.04.2026;11:06;2.45;2.46;2.45;2.45;2.46;994990;0
03.04.2026;11:07;2.45;2.46;2.45;2.46;2.46;4026627;0
03.04.2026;11:08;2.45;2.45;2.45;2.45;2.45;498820;0
03.04.2026;11:09;2.45;2.46;2.45;2.46;2.46;308282;0
03.04.2026;11:10;2.46;2.46;2.45;2.45;2.46;481281;0
03.04.2026;11:11;2.45;2.45;2.45;2.45;2.45;350840;0
03.04.2026;11:12;2.45;2.46;2.45;2.45;2.46;712262;0
03.04.2026;11:13;2.46;2.46;2.45;2.46;2.46;214895;0
03.04.2026;11:14;2.45;2.46;2.45;2.46;2.46;3042734;0
03.04.2026;11:15;2.46;2.46;2.45;2.46;2.46;150752;0
03.04.2026;11:16;2.46;2.47;2.45;2.47;2.46;6827942;0
03.04.2026;11:17;2.47;2.47;2.47;2.47;2.47;163761;0
03.04.2026;11:18;2.47;2.47;2.46;2.47;2.47;471760;0
03.04.2026;11:19;2.46;2.46;2.46;2.46;2.46;2460;0
03.04.2026;11:20;2.47;2.47;2.46;2.46;2.47;4335100;0
03.04.2026;11:21;2.46;2.47;2.46;2.47;2.47;24946;0
03.04.2026;11:22;2.46;2.46;2.46;2.46;2.46;32226;0
03.04.2026;11:23;2.47;2.47;2.47;2.47;2.47;13832;0
03.04.2026;11:24;2.46;2.47;2.46;2.47;2.47;765910;0
03.04.2026;11:25;2.47;2.47;2.46;2.46;2.47;15820214;0
03.04.2026;11:26;2.46;2.46;2.46;2.46;2.46;9887724;0
03.04.2026;11:27;2.46;2.46;2.46;2.46;2.46;870840;0
03.04.2026;11:28;2.46;2.47;2.46;2.47;2.47;606588;0
03.04.2026;11:29;2.46;2.46;2.46;2.46;2.46;21156;0
03.04.2026;11:30;2.46;2.47;2.46;2.46;2.47;871581;0
03.04.2026;11:31;2.46;2.47;2.46;2.46;2.47;43150;0
03.04.2026;11:32;2.47;2.47;2.47;2.47;2.47;24947;0
03.04.2026;11:33;2.47;2.47;2.47;2.47;2.47;14326;0
03.04.2026;11:34;2.47;2.47;2.46;2.47;2.47;23681;0
03.04.2026;11:35;2.46;2.47;2.46;2.47;2.47;1246241;0
03.04.2026;11:36;2.46;2.47;2.46;2.47;2.47;1258045;0
03.04.2026;11:37;2.47;2.47;2.47;2.47;2.47;155857;0
03.04.2026;11:38;2.47;2.47;2.46;2.46;2.47;128075;0
03.04.2026;11:39;2.46;2.46;2.46;2.46;2.46;112914;0
03.04.2026;11:40;2.46;2.46;2.46;2.46;2.46;4967478;0
03.04.2026;11:41;2.46;2.47;2.46;2.47;2.47;986964;0
03.04.2026;11:42;2.46;2.47;2.46;2.46;2.47;63638;0
03.04.2026;11:43;2.46;2.46;2.46;2.46;2.46;54612;0
03.04.2026;11:44;2.47;2.47;2.46;2.46;2.47;104617;0
03.04.2026;11:46;2.47;2.47;2.47;2.47;2.47;25194;0
03.04.2026;11:48;2.47;2.47;2.47;2.47;2.47;988;0
03.04.2026;11:49;2.46;2.47;2.46;2.47;2.47;125960;0
03.04.2026;11:50;2.47;2.47;2.47;2.47;2.47;4446;0
03.04.2026;11:51;2.46;2.47;2.46;2.47;2.47;63224;0
03.04.2026;11:52;2.46;2.47;2.46;2.46;2.47;87430;0
03.04.2026;11:53;2.47;2.47;2.46;2.47;2.47;15284;0
03.04.2026;11:54;2.46;2.46;2.46;2.46;2.46;22386;0
03.04.2026;11:55;2.46;2.47;2.46;2.47;2.47;21916;0
03.04.2026;11:56;2.47;2.47;2.46;2.46;2.47;126262;0
03.04.2026;11:58;2.46;2.46;2.46;2.46;2.46;203934;0
03.04.2026;11:59;2.46;2.47;2.46;2.47;2.47;1800251;0
03.04.2026;12:00;2.47;2.47;2.47;2.47;2.47;177840;0
03.04.2026;12:01;2.46;2.46;2.46;2.46;2.46;37638;0
03.04.2026;12:02;2.46;2.46;2.46;2.46;2.46;10824;0
03.04.2026;12:03;2.47;2.47;2.46;2.47;2.47;1284448;0
03.04.2026;12:04;2.46;2.47;2.46;2.46;2.47;130646;0
03.04.2026;12:05;2.47;2.47;2.47;2.47;2.47;2964;0
03.04.2026;12:06;2.46;2.47;2.46;2.46;2.47;28802;0
03.04.2026;12:07;2.47;2.47;2.47;2.47;2.47;43719;0
03.04.2026;12:08;2.47;2.47;2.46;2.46;2.47;677169;0
03.04.2026;12:09;2.47;2.47;2.46;2.46;2.47;526542;0
03.04.2026;12:10;2.46;2.47;2.46;2.47;2.47;6599353;0
03.04.2026;12:11;2.47;2.47;2.47;2.47;2.47;30875;0
03.04.2026;12:13;2.46;2.46;2.46;2.46;2.46;102090;0
03.04.2026;12:14;2.47;2.47;2.46;2.46;2.47;94405;0
03.04.2026;12:15;2.47;2.47;2.46;2.46;2.47;87115;0
03.04.2026;12:16;2.46;2.46;2.46;2.46;2.46;140466;0
03.04.2026;12:17;2.46;2.47;2.46;2.46;2.47;126990;0
03.04.2026;12:18;2.46;2.46;2.46;2.46;2.46;221400;0
03.04.2026;12:19;2.47;2.47;2.46;2.46;2.47;128812;0
03.04.2026;12:20;2.46;2.47;2.46;2.46;2.47;242803;0
03.04.2026;12:21;2.46;2.47;2.46;2.47;2.47;58067;0
03.04.2026;12:22;2.46;2.47;2.46;2.47;2.47;521368;0
03.04.2026;12:23;2.46;2.46;2.46;2.46;2.46;161376;0
03.04.2026;12:24;2.47;2.47;2.47;2.47;2.47;247000;0
03.04.2026;12:25;2.46;2.46;2.46;2.46;2.46;166050;0
03.04.2026;12:26;2.46;2.47;2.46;2.47;2.47;98898;0
03.04.2026;12:27;2.46;2.46;2.46;2.46;2.46;127182;0
03.04.2026;12:28;2.47;2.47;2.47;2.47;2.47;48165;0
03.04.2026;12:29;2.47;2.47;2.47;2.47;2.47;247;0
03.04.2026;12:30;2.47;2.47;2.46;2.46;2.47;1371440;0
03.04.2026;12:31;2.47;2.47;2.47;2.47;2.47;23465;0
03.04.2026;12:32;2.46;2.46;2.46;2.46;2.46;12792;0
03.04.2026;12:33;2.47;2.47;2.47;2.47;2.47;2964;0
03.04.2026;12:34;2.46;2.46;2.46;2.46;2.46;6396;0
03.04.2026;12:35;2.46;2.46;2.46;2.46;2.46;133824;0
03.04.2026;12:36;2.46;2.46;2.46;2.46;2.46;159900;0
03.04.2026;12:37;2.46;2.46;2.46;2.46;2.46;2460000;0
03.04.2026;12:38;2.46;2.46;2.46;2.46;2.46;581544;0
03.04.2026;12:39;2.47;2.47;2.47;2.47;2.47;38038;0
03.04.2026;12:40;2.46;2.46;2.46;2.46;2.46;1572678;0
03.04.2026;12:41;2.46;2.47;2.46;2.47;2.47;380910;0
03.04.2026;12:42;2.46;2.46;2.46;2.46;2.46;492;0
03.04.2026;12:43;2.46;2.47;2.46;2.46;2.47;803724;0
03.04.2026;12:44;2.46;2.46;2.46;2.46;2.46;61500;0
03.04.2026;12:45;2.46;2.47;2.46;2.46;2.47;170975;0
03.04.2026;12:46;2.47;2.47;2.47;2.47;2.47;2717;0
03.04.2026;12:47;2.46;2.46;2.46;2.46;2.46;115620;0
03.04.2026;12:48;2.46;2.46;2.46;2.46;2.46;129642;0
03.04.2026;12:49;2.46;2.47;2.46;2.46;2.47;373446;0
03.04.2026;12:50;2.46;2.47;2.46;2.46;2.47;122263;0
03.04.2026;12:52;2.46;2.46;2.46;2.46;2.46;122016;0
03.04.2026;12:53;2.46;2.46;2.46;2.46;2.46;64698;0
03.04.2026;12:54;2.47;2.47;2.46;2.46;2.47;169940;0
03.04.2026;12:55;2.46;2.47;2.46;2.47;2.47;1033118;0
03.04.2026;12:56;2.47;2.47;2.46;2.47;2.47;139146;0
03.04.2026;12:57;2.46;2.47;2.46;2.46;2.47;149815;0
03.04.2026;12:58;2.46;2.47;2.46;2.46;2.47;207880;0
03.04.2026;12:59;2.47;2.47;2.47;2.47;2.47;52364;0
03.04.2026;13:00;2.46;2.46;2.46;2.46;2.46;492;0
03.04.2026;13:01;2.47;2.47;2.47;2.47;2.47;15314;0
03.04.2026;13:02;2.46;2.46;2.46;2.46;2.46;106272;0
03.04.2026;13:03;2.46;2.46;2.46;2.46;2.46;48954;0
03.04.2026;13:04;2.46;2.47;2.46;2.46;2.47;430012;0
03.04.2026;13:06;2.46;2.46;2.46;2.46;2.46;43788;0
03.04.2026;13:07;2.47;2.47;2.47;2.47;2.47;4755985;0
03.04.2026;13:08;2.46;2.46;2.46;2.46;2.46;136776;0
03.04.2026;13:09;2.46;2.46;2.46;2.46;2.46;491262;0
03.04.2026;13:10;2.47;2.47;2.46;2.46;2.47;164084;0
03.04.2026;13:11;2.46;2.46;2.46;2.46;2.46;353994;0
03.04.2026;13:12;2.46;2.46;2.46;2.46;2.46;170478;0
03.04.2026;13:13;2.46;2.46;2.46;2.46;2.46;190896;0
03.04.2026;13:14;2.46;2.47;2.46;2.46;2.47;21432;0
03.04.2026;13:16;2.46;2.47;2.46;2.46;2.47;2713324;0
03.04.2026;13:17;2.46;2.47;2.46;2.46;2.47;266715;0
03.04.2026;13:18;2.46;2.46;2.46;2.46;2.46;51414;0
03.04.2026;13:19;2.46;2.46;2.46;2.46;2.46;684618;0
03.04.2026;13:20;2.47;2.47;2.47;2.47;2.47;1235000;0
03.04.2026;13:21;2.46;2.46;2.46;2.46;2.46;116112;0
03.04.2026;13:24;2.47;2.47;2.47;2.47;2.47;2470;0
03.04.2026;13:25;2.46;2.46;2.46;2.46;2.46;7818372;0
03.04.2026;13:26;2.46;2.46;2.46;2.46;2.46;96924;0
03.04.2026;13:27;2.47;2.47;2.46;2.46;2.47;180418;0
03.04.2026;13:28;2.47;2.47;2.47;2.47;2.47;1729;0
03.04.2026;13:29;2.47;2.47;2.47;2.47;2.47;1235;0
03.04.2026;13:30;2.47;2.47;2.47;2.47;2.47;4940;0
03.04.2026;13:31;2.47;2.47;2.47;2.47;2.47;30875;0
03.04.2026;13:32;2.46;2.47;2.46;2.46;2.47;1649706;0
03.04.2026;13:34;2.46;2.46;2.46;2.46;2.46;129396;0
03.04.2026;13:35;2.46;2.46;2.46;2.46;2.46;92250;0
03.04.2026;13:36;2.46;2.46;2.46;2.46;2.46;966042;0
03.04.2026;13:37;2.46;2.46;2.46;2.46;2.46;155226;0
03.04.2026;13:38;2.46;2.46;2.46;2.46;2.46;200982;0
03.04.2026;13:39;2.46;2.47;2.46;2.46;2.47;282658;0
03.04.2026;13:40;2.46;2.46;2.46;2.46;2.46;38130;0
03.04.2026;13:41;2.46;2.46;2.46;2.46;2.46;233208;0
03.04.2026;13:42;2.46;2.46;2.46;2.46;2.46;381054;0
03.04.2026;13:43;2.46;2.46;2.46;2.46;2.46;3936;0
03.04.2026;13:44;2.46;2.47;2.46;2.47;2.47;5660;0
03.04.2026;13:45;2.46;2.46;2.46;2.46;2.46;2225808;0
03.04.2026;13:46;2.46;2.46;2.46;2.46;2.46;922500;0
03.04.2026;13:47;2.46;2.46;2.46;2.46;2.46;1476;0
03.04.2026;13:48;2.46;2.47;2.46;2.46;2.47;157517;0
03.04.2026;13:49;2.47;2.47;2.47;2.47;2.47;2470;0
03.04.2026;13:51;2.46;2.46;2.46;2.46;2.46;5904;0
03.04.2026;13:52;2.46;2.47;2.46;2.47;2.47;3452;0
03.04.2026;13:53;2.46;2.46;2.46;2.46;2.46;20418;0
03.04.2026;13:54;2.47;2.47;2.47;2.47;2.47;7410;0
03.04.2026;13:55;2.46;2.46;2.46;2.46;2.46;1872060;0
03.04.2026;13:56;2.46;2.46;2.46;2.46;2.46;260760;0
03.04.2026;13:57;2.47;2.47;2.46;2.46;2.47;10088;0
03.04.2026;13:58;2.47;2.47;2.46;2.46;2.47;29058;0
03.04.2026;13:59;2.46;2.46;2.46;2.46;2.46;246;0
03.04.2026;14:00;2.46;2.46;2.46;2.46;2.46;36408;0
03.04.2026;14:01;2.46;2.46;2.46;2.46;2.46;5166;0
03.04.2026;14:02;2.46;2.46;2.46;2.46;2.46;220662;0
03.04.2026;14:03;2.46;2.46;2.46;2.46;2.46;208854;0
03.04.2026;14:04;2.46;2.46;2.46;2.46;2.46;18736344;0
03.04.2026;14:05;2.46;2.47;2.46;2.47;2.47;9620236;0
03.04.2026;14:07;2.47;2.47;2.46;2.46;2.47;131072;0
03.04.2026;14:08;2.47;2.47;2.46;2.46;2.47;81964;0
03.04.2026;14:09;2.46;2.47;2.46;2.47;2.47;56856;0
03.04.2026;14:10;2.46;2.46;2.46;2.46;2.46;2492964;0
03.04.2026;14:11;2.46;2.47;2.46;2.47;2.47;496939;0
03.04.2026;14:12;2.46;2.47;2.46;2.47;2.47;170234;0
03.04.2026;14:13;2.46;2.46;2.46;2.46;2.46;68388;0
03.04.2026;14:14;2.46;2.46;2.46;2.46;2.46;112914;0
03.04.2026;14:15;2.47;2.47;2.46;2.47;2.47;10611;0
03.04.2026;14:16;2.46;2.47;2.46;2.47;2.47;148684;0
03.04.2026;14:17;2.47;2.47;2.47;2.47;2.47;222300;0
03.04.2026;14:20;2.46;2.46;2.46;2.46;2.46;1826550;0
03.04.2026;14:21;2.46;2.46;2.46;2.46;2.46;363342;0
03.04.2026;14:22;2.47;2.47;2.47;2.47;2.47;494;0
03.04.2026;14:24;2.47;2.47;2.46;2.46;2.47;2953;0
03.04.2026;14:25;2.47;2.47;2.47;2.47;2.47;494;0
03.04.2026;14:26;2.47;2.47;2.47;2.47;2.47;247;0
03.04.2026;14:27;2.46;2.46;2.46;2.46;2.46;110208;0
03.04.2026;14:28;2.47;2.47;2.46;2.47;2.47;87368;0
03.04.2026;14:29;2.47;2.47;2.47;2.47;2.47;494;0
03.04.2026;14:30;2.46;2.47;2.46;2.47;2.47;1480;0
03.04.2026;14:31;2.47;2.47;2.47;2.47;2.47;1482;0
03.04.2026;14:32;2.47;2.47;2.46;2.47;2.47;95956;0
03.04.2026;14:33;2.47;2.47;2.46;2.46;2.47;19951;0
03.04.2026;14:34;2.46;2.46;2.46;2.46;2.46;62730;0
03.04.2026;14:35;2.47;2.47;2.46;2.46;2.47;73557;0
03.04.2026;14:36;2.46;2.47;2.46;2.46;2.47;61259;0
03.04.2026;14:37;2.46;2.47;2.46;2.47;2.47;21181;0
03.04.2026;14:38;2.47;2.47;2.46;2.47;2.47;125716;0
03.04.2026;14:39;2.47;2.47;2.46;2.47;2.47;557483;0
03.04.2026;14:41;2.46;2.47;2.46;2.47;2.47;43070;0
03.04.2026;14:42;2.46;2.47;2.46;2.47;2.47;44079;0
03.04.2026;14:43;2.47;2.47;2.46;2.46;2.47;4369956;0
03.04.2026;14:44;2.47;2.47;2.46;2.47;2.47;124235;0
03.04.2026;14:45;2.46;2.46;2.46;2.46;2.46;984984;0
03.04.2026;14:46;2.46;2.46;2.46;2.46;2.46;12300;0
03.04.2026;14:49;2.46;2.47;2.46;2.47;2.47;20204;0
03.04.2026;14:51;2.46;2.46;2.46;2.46;2.46;112668;0
03.04.2026;14:59;2.46;2.46;2.46;2.46;2.46;152520;0
03.04.2026;15:00;2.47;2.47;2.46;2.46;2.47;296435;0
03.04.2026;15:02;2.46;2.46;2.46;2.46;2.46;10427940;0
03.04.2026;15:03;2.46;2.46;2.45;2.45;2.46;1264220;0
03.04.2026;15:04;2.46;2.46;2.45;2.45;2.46;524918;0
03.04.2026;15:05;2.45;2.45;2.45;2.45;2.45;117600;0
03.04.2026;15:06;2.45;2.46;2.45;2.45;2.46;890590;0
03.04.2026;15:07;2.45;2.45;2.45;2.45;2.45;8575;0
03.04.2026;15:08;2.45;2.46;2.45;2.45;2.46;56060;0
03.04.2026;15:09;2.45;2.45;2.45;2.45;2.45;94080;0
03.04.2026;15:10;2.45;2.45;2.45;2.45;2.45;3675;0
03.04.2026;15:11;2.45;2.45;2.45;2.45;2.45;4900;0
03.04.2026;15:12;2.45;2.45;2.45;2.45;2.45;1280860;0
03.04.2026;15:13;2.46;2.46;2.45;2.45;2.46;171700;0
03.04.2026;15:15;2.45;2.46;2.45;2.46;2.46;555582;0
03.04.2026;15:16;2.46;2.46;2.45;2.45;2.46;173421;0
03.04.2026;15:17;2.45;2.46;2.45;2.46;2.46;82843;0
03.04.2026;15:18;2.46;2.46;2.45;2.45;2.46;149360;0
03.04.2026;15:19;2.45;2.46;2.45;2.46;2.46;16232;0
03.04.2026;15:20;2.45;2.45;2.45;2.45;2.45;10780;0
03.04.2026;15:21;2.45;2.45;2.45;2.45;2.45;43610;0
03.04.2026;15:22;2.46;2.46;2.44;2.45;2.45;15675462;0
03.04.2026;15:23;2.45;2.45;2.44;2.45;2.45;472448;0
03.04.2026;15:24;2.45;2.45;2.44;2.44;2.45;5646566;0
03.04.2026;15:25;2.44;2.45;2.43;2.44;2.44;11610398;0
03.04.2026;15:26;2.44;2.44;2.44;2.44;2.44;1040904;0
03.04.2026;15:27;2.44;2.44;2.44;2.44;2.44;2928;0
03.04.2026;15:28;2.43;2.44;2.43;2.44;2.44;8181348;0
03.04.2026;15:29;2.43;2.44;2.43;2.43;2.44;22122630;0
03.04.2026;15:30;2.43;2.43;2.43;2.43;2.43;2908224;0
03.04.2026;15:31;2.44;2.44;2.44;2.44;2.44;7320;0
03.04.2026;15:32;2.43;2.44;2.43;2.43;2.44;557961;0
03.04.2026;15:33;2.43;2.44;2.43;2.44;2.44;1925051;0
03.04.2026;15:34;2.44;2.44;2.43;2.43;2.44;208261;0
03.04.2026;15:35;2.43;2.43;2.43;2.43;2.43;164997;0
03.04.2026;15:36;2.44;2.44;2.43;2.43;2.44;98986;0
03.04.2026;15:37;2.44;2.44;2.44;2.44;2.44;12444;0
03.04.2026;15:38;2.44;2.44;2.43;2.44;2.44;167404;0
03.04.2026;15:39;2.43;2.44;2.43;2.44;2.44;348691;0
03.04.2026;15:40;2.43;2.44;2.43;2.44;2.44;150718;0
03.04.2026;15:41;2.44;2.44;2.43;2.43;2.44;34808;0
03.04.2026;15:42;2.44;2.44;2.43;2.44;2.44;381269;0
03.04.2026;15:43;2.44;2.44;2.43;2.44;2.44;126410;0
03.04.2026;15:44;2.43;2.43;2.43;2.43;2.43;434727;0
03.04.2026;15:45;2.43;2.44;2.43;2.43;2.44;1780707;0
03.04.2026;15:46;2.43;2.44;2.43;2.43;2.44;380065;0
03.04.2026;15:47;2.43;2.44;2.43;2.43;2.44;801717;0
03.04.2026;15:48;2.44;2.44;2.43;2.43;2.44;1305986;0
03.04.2026;15:49;2.43;2.43;2.43;2.43;2.43;565218;0
03.04.2026;15:50;2.43;2.44;2.43;2.43;2.44;4245456;0
03.04.2026;15:51;2.44;2.44;2.42;2.43;2.43;12337817;0
03.04.2026;15:52;2.43;2.43;2.42;2.43;2.43;828382;0
03.04.2026;15:53;2.42;2.43;2.42;2.43;2.43;1252027;0
03.04.2026;15:54;2.42;2.43;2.42;2.42;2.43;232101;0
03.04.2026;15:55;2.42;2.44;2.42;2.44;2.43;13553102;0
03.04.2026;15:56;2.44;2.44;2.43;2.43;2.44;785525;0
03.04.2026;15:57;2.44;2.44;2.43;2.43;2.44;369661;0
03.04.2026;15:58;2.44;2.44;2.43;2.43;2.44;119092;0
03.04.2026;15:59;2.44;2.44;2.43;2.44;2.44;379526;0
03.04.2026;16:00;2.43;2.44;2.43;2.44;2.44;515644;0
03.04.2026;16:01;2.44;2.44;2.44;2.44;2.44;56120;0
03.04.2026;16:02;2.44;2.44;2.43;2.44;2.44;935048;0
03.04.2026;16:03;2.44;2.44;2.43;2.44;2.44;263916;0
03.04.2026;16:04;2.43;2.44;2.43;2.44;2.44;255508;0
03.04.2026;16:05;2.44;2.44;2.43;2.44;2.44;93126;0
03.04.2026;16:06;2.43;2.44;2.43;2.44;2.44;286964;0
03.04.2026;16:07;2.43;2.44;2.43;2.44;2.44;601724;0
03.04.2026;16:08;2.44;2.44;2.44;2.44;2.44;414312;0
03.04.2026;16:10;2.44;2.44;2.44;2.44;2.44;16836;0
03.04.2026;16:11;2.43;2.44;2.43;2.44;2.44;2602524;0
03.04.2026;16:12;2.44;2.44;2.43;2.44;2.44;2501141;0
03.04.2026;16:13;2.44;2.44;2.44;2.44;2.44;1222440;0
03.04.2026;16:15;2.44;2.44;2.43;2.43;2.44;559171;0
03.04.2026;16:16;2.44;2.44;2.44;2.44;2.44;3660732;0
03.04.2026;16:17;2.44;2.44;2.44;2.44;2.44;732;0
03.04.2026;16:18;2.44;2.44;2.44;2.44;2.44;15372;0
03.04.2026;16:19;2.44;2.44;2.44;2.44;2.44;146400;0
03.04.2026;16:20;2.43;2.44;2.43;2.43;2.44;51038;0
03.04.2026;16:21;2.44;2.44;2.43;2.43;2.44;115918;0
03.04.2026;16:22;2.43;2.43;2.43;2.43;2.43;317358;0
03.04.2026;16:23;2.43;2.44;2.43;2.44;2.44;601724;0
03.04.2026;16:24;2.44;2.44;2.44;2.44;2.44;66124;0
03.04.2026;16:26;2.44;2.44;2.44;2.44;2.44;12444;0
03.04.2026;16:27;2.44;2.44;2.43;2.43;2.44;1282810;0
03.04.2026;16:28;2.44;2.44;2.43;2.43;2.44;165442;0
03.04.2026;16:29;2.43;2.43;2.43;2.43;2.43;243486;0
03.04.2026;16:30;2.43;2.44;2.43;2.44;2.44;3482611;0
03.04.2026;16:31;2.44;2.44;2.44;2.44;2.44;8052976;0
03.04.2026;16:32;2.44;2.45;2.44;2.45;2.45;6611;0
03.04.2026;16:33;2.44;2.45;2.44;2.45;2.45;672010;0
03.04.2026;16:34;2.44;2.44;2.44;2.44;2.44;732;0
03.04.2026;16:35;2.45;2.45;2.44;2.45;2.45;1266722;0
03.04.2026;16:36;2.44;2.45;2.44;2.44;2.45;7315113;0
03.04.2026;16:37;2.44;2.45;2.44;2.44;2.45;1222;0
03.04.2026;16:38;2.44;2.44;2.44;2.44;2.44;732;0
03.04.2026;16:39;2.44;2.44;2.44;2.44;2.44;732;0
03.04.2026;16:40;2.45;2.45;2.44;2.45;2.45;199672;0
03.04.2026;16:41;2.44;2.45;2.44;2.44;2.45;2957134;0
03.04.2026;16:42;2.45;2.45;2.44;2.44;2.45;825423;0
03.04.2026;16:43;2.45;2.45;2.44;2.44;2.45;185217;0
03.04.2026;16:44;2.44;2.45;2.44;2.44;2.45;119546;0
03.04.2026;16:45;2.45;2.45;2.44;2.44;2.45;1223217;0
03.04.2026;16:46;2.45;2.45;2.44;2.45;2.45;1473182;0
03.04.2026;16:47;2.44;2.44;2.44;2.44;2.44;17812;0
03.04.2026;16:48;2.44;2.45;2.44;2.44;2.45;982196;0
03.04.2026;16:49;2.44;2.44;2.44;2.44;2.44;732;0
03.04.2026;16:50;2.45;2.45;2.44;2.44;2.45;123712;0
03.04.2026;16:51;2.44;2.44;2.44;2.44;2.44;1708;0
03.04.2026;16:52;2.45;2.45;2.44;2.44;2.45;25232;0
03.04.2026;16:53;2.45;2.45;2.44;2.44;2.45;375840;0
03.04.2026;16:54;2.45;2.45;2.44;2.44;2.45;74720;0
03.04.2026;16:55;2.44;2.44;2.44;2.44;2.44;335744;0
03.04.2026;16:56;2.44;2.45;2.44;2.44;2.45;215890;0
03.04.2026;16:57;2.45;2.45;2.44;2.45;2.45;99386;0
03.04.2026;16:58;2.44;2.44;2.44;2.44;2.44;1171688;0
03.04.2026;16:59;2.44;2.45;2.44;2.44;2.45;713673;0
03.04.2026;17:00;2.44;2.45;2.44;2.44;2.45;553006;0
03.04.2026;17:01;2.45;2.45;2.44;2.44;2.45;88680;0
03.04.2026;17:02;2.45;2.45;2.44;2.45;2.45;1179038;0
03.04.2026;17:03;2.44;2.45;2.44;2.44;2.45;786684;0
03.04.2026;17:04;2.45;2.46;2.44;2.46;2.45;15185045;0
03.04.2026;17:05;2.46;2.46;2.45;2.46;2.46;2757226;0
03.04.2026;17:06;2.46;2.46;2.45;2.45;2.46;784464;0
03.04.2026;17:07;2.45;2.46;2.45;2.45;2.46;283615;0
03.04.2026;17:08;2.46;2.46;2.45;2.45;2.46;62235;0
03.04.2026;17:09;2.45;2.45;2.45;2.45;2.45;735;0
03.04.2026;17:10;2.46;2.46;2.45;2.45;2.46;736;0
03.04.2026;17:11;2.45;2.46;2.45;2.45;2.46;1299383;0
03.04.2026;17:12;2.45;2.45;2.45;2.45;2.45;1225;0
03.04.2026;17:13;2.45;2.45;2.45;2.45;2.45;662725;0
03.04.2026;17:14;2.45;2.45;2.45;2.45;2.45;1715;0
03.04.2026;17:15;2.45;2.46;2.45;2.45;2.46;997746;0
03.04.2026;17:16;2.46;2.46;2.45;2.46;2.46;262260;0
03.04.2026;17:17;2.45;2.46;2.45;2.46;2.46;148275;0
03.04.2026;17:18;2.45;2.45;2.44;2.44;2.45;6999150;0
03.04.2026;17:19;2.44;2.44;2.44;2.44;2.44;432612;0
03.04.2026;17:20;2.44;2.45;2.44;2.44;2.45;3475998;0
03.04.2026;17:21;2.44;2.44;2.44;2.44;2.44;116632;0
03.04.2026;17:22;2.44;2.45;2.44;2.45;2.45;414801;0
03.04.2026;17:23;2.45;2.45;2.45;2.45;2.45;490;0
03.04.2026;17:24;2.44;2.45;2.44;2.44;2.45;514374;0
03.04.2026;17:25;2.44;2.44;2.43;2.43;2.44;18845972;0
03.04.2026;17:26;2.44;2.44;2.43;2.43;2.44;948370;0
03.04.2026;17:27;2.44;2.44;2.43;2.43;2.44;343848;0
03.04.2026;17:28;2.44;2.44;2.43;2.44;2.44;73654;0
03.04.2026;17:29;2.43;2.44;2.43;2.44;2.44;473129;0
03.04.2026;17:30;2.43;2.44;2.43;2.43;2.44;497278;0
03.04.2026;17:31;2.44;2.45;2.44;2.44;2.45;6928972;0
03.04.2026;17:32;2.44;2.44;2.44;2.44;2.44;162260;0
03.04.2026;17:33;2.44;2.45;2.44;2.44;2.45;351605;0
03.04.2026;17:34;2.44;2.45;2.44;2.44;2.45;759576;0
03.04.2026;17:36;2.44;2.44;2.44;2.44;2.44;479948;0
03.04.2026;17:37;2.45;2.45;2.44;2.45;2.45;223810;0
03.04.2026;17:38;2.45;2.45;2.44;2.45;2.45;380455;0
03.04.2026;17:39;2.45;2.45;2.44;2.45;2.45;137435;0
03.04.2026;17:40;2.45;2.45;2.44;2.44;2.45;98140;0
03.04.2026;17:41;2.45;2.45;2.44;2.45;2.45;18840;0
03.04.2026;17:42;2.45;2.45;2.44;2.45;2.45;135735;0
03.04.2026;17:43;2.45;2.45;2.44;2.45;2.45;316298;0
03.04.2026;17:44;2.45;2.45;2.44;2.45;2.45;809929;0
03.04.2026;17:45;2.44;2.45;2.44;2.45;2.45;284191;0
03.04.2026;17:46;2.45;2.45;2.44;2.44;2.45;153039;0
03.04.2026;17:47;2.45;2.45;2.44;2.45;2.45;76184;0
03.04.2026;17:48;2.45;2.45;2.44;2.44;2.45;46973;0
03.04.2026;17:49;2.45;2.45;2.44;2.45;2.45;161935;0
03.04.2026;17:50;2.44;2.45;2.44;2.44;2.45;332143;0
03.04.2026;17:51;2.45;2.45;2.44;2.45;2.45;86920;0
03.04.2026;17:52;2.45;2.45;2.44;2.44;2.45;217706;0
03.04.2026;17:53;2.45;2.45;2.44;2.45;2.45;1770824;0
03.04.2026;17:54;2.45;2.45;2.44;2.44;2.45;1108069;0
03.04.2026;17:55;2.44;2.45;2.44;2.44;2.45;1267882;0
03.04.2026;17:56;2.45;2.45;2.44;2.44;2.45;231363;0
03.04.2026;17:57;2.44;2.45;2.44;2.44;2.45;921435;0
03.04.2026;17:58;2.45;2.45;2.45;2.45;2.45;40425;0
03.04.2026;17:59;2.44;2.45;2.44;2.45;2.45;495868;0
03.04.2026;18:00;2.44;2.45;2.44;2.45;2.45;1258614;0
03.04.2026;18:01;2.45;2.45;2.44;2.44;2.45;5845513;0
03.04.2026;18:02;2.45;2.45;2.43;2.43;2.44;10257527;0
03.04.2026;18:03;2.44;2.44;2.43;2.44;2.44;5076653;0
03.04.2026;18:04;2.44;2.44;2.43;2.43;2.44;677766;0
03.04.2026;18:05;2.44;2.44;2.44;2.44;2.44;158600;0
03.04.2026;18:06;2.43;2.43;2.43;2.43;2.43;546750;0
03.04.2026;18:07;2.43;2.43;2.43;2.43;2.43;97200;0
03.04.2026;18:08;2.44;2.44;2.43;2.43;2.44;54875;0
03.04.2026;18:09;2.43;2.44;2.43;2.44;2.44;3889;0
03.04.2026;18:10;2.43;2.44;2.43;2.43;2.44;4965386;0
03.04.2026;18:11;2.43;2.43;2.43;2.43;2.43;362070;0
03.04.2026;18:12;2.44;2.44;2.43;2.43;2.44;38940;0
03.04.2026;18:13;2.43;2.43;2.43;2.43;2.43;1530900;0
03.04.2026;18:14;2.43;2.44;2.43;2.44;2.44;968798;0
06.04.2026;09:30;2.44;2.44;2.44;2.44;2.44;3711972;0
06.04.2026;09:35;2.44;2.44;2.43;2.44;2.44;2383523;0
06.04.2026;09:36;2.44;2.44;2.43;2.44;2.44;210316;0
06.04.2026;09:37;2.44;2.44;2.44;2.44;2.44;364780;0
06.04.2026;09:38;2.44;2.44;2.44;2.44;2.44;1157536;0
06.04.2026;09:39;2.44;2.44;2.44;2.44;2.44;307440;0
06.04.2026;09:40;2.44;2.44;2.43;2.44;2.44;82022;0
06.04.2026;09:41;2.44;2.44;2.44;2.44;2.44;126392;0
06.04.2026;09:42;2.44;2.44;2.43;2.44;2.44;213499;0
06.04.2026;09:43;2.44;2.44;2.44;2.44;2.44;195200;0
06.04.2026;09:44;2.44;2.44;2.44;2.44;2.44;772748;0
06.04.2026;09:45;2.44;2.44;2.44;2.44;2.44;73688;0
06.04.2026;09:46;2.44;2.44;2.44;2.44;2.44;2440;0
06.04.2026;09:47;2.44;2.44;2.44;2.44;2.44;2440;0
06.04.2026;09:48;2.44;2.44;2.43;2.43;2.44;58350;0
06.04.2026;09:50;2.44;2.44;2.44;2.44;2.44;976;0
06.04.2026;09:51;2.43;2.44;2.43;2.44;2.44;16291;0
06.04.2026;09:52;2.44;2.44;2.44;2.44;2.44;7320;0
06.04.2026;09:54;2.43;2.43;2.43;2.43;2.43;4860;0
06.04.2026;09:55;2.43;2.43;2.43;2.43;2.43;317601;0
06.04.2026;09:58;2.43;2.44;2.43;2.43;2.44;496992;0
06.04.2026;09:59;2.44;2.44;2.44;2.44;2.44;2441220;0
06.04.2026;10:00;2.44;2.44;2.43;2.43;2.44;396475;0
06.04.2026;10:01;2.44;2.44;2.44;2.44;2.44;488000;0
06.04.2026;10:02;2.43;2.44;2.43;2.44;2.44;195100;0
06.04.2026;10:03;2.44;2.44;2.44;2.44;2.44;1220;0
06.04.2026;10:04;2.44;2.44;2.44;2.44;2.44;253760;0
06.04.2026;10:05;2.44;2.46;2.44;2.45;2.45;34861192;0
06.04.2026;10:06;2.46;2.46;2.45;2.45;2.46;10695943;0
06.04.2026;10:07;2.45;2.46;2.45;2.45;2.46;10367501;0
06.04.2026;10:08;2.46;2.46;2.45;2.46;2.46;490008;0
06.04.2026;10:09;2.45;2.45;2.45;2.45;2.45;510580;0
06.04.2026;10:10;2.46;2.47;2.46;2.46;2.47;13613896;0
06.04.2026;10:11;2.47;2.47;2.46;2.47;2.47;2698122;0
06.04.2026;10:12;2.47;2.47;2.46;2.46;2.47;126651;0
06.04.2026;10:13;2.47;2.47;2.46;2.47;2.47;804518;0
06.04.2026;10:14;2.47;2.47;2.46;2.46;2.47;642124;0
06.04.2026;10:15;2.46;2.47;2.46;2.46;2.47;7624849;0
06.04.2026;10:16;2.46;2.47;2.46;2.47;2.47;457073;0
06.04.2026;10:17;2.47;2.47;2.46;2.47;2.47;6905199;0
06.04.2026;10:18;2.46;2.47;2.46;2.46;2.47;1879033;0
06.04.2026;10:19;2.46;2.47;2.46;2.47;2.47;970080;0
06.04.2026;10:20;2.47;2.47;2.46;2.47;2.47;45692;0
06.04.2026;10:21;2.47;2.47;2.47;2.47;2.47;586131;0
06.04.2026;10:22;2.47;2.47;2.46;2.47;2.47;1225070;0
06.04.2026;10:23;2.47;2.47;2.47;2.47;2.47;171418;0
06.04.2026;10:24;2.47;2.47;2.46;2.47;2.47;208467;0
06.04.2026;10:25;2.47;2.47;2.47;2.47;2.47;1626001;0
06.04.2026;10:26;2.47;2.47;2.47;2.47;2.47;296647;0
06.04.2026;10:27;2.47;2.47;2.46;2.47;2.47;329558;0
06.04.2026;10:28;2.47;2.47;2.46;2.47;2.47;237354;0
06.04.2026;10:29;2.47;2.47;2.47;2.47;2.47;412490;0
06.04.2026;10:30;2.47;2.47;2.46;2.47;2.47;609036;0
06.04.2026;10:31;2.46;2.47;2.45;2.46;2.46;14175886;0
06.04.2026;10:32;2.46;2.46;2.46;2.46;2.46;115128;0
06.04.2026;10:33;2.46;2.46;2.45;2.45;2.46;120310;0
06.04.2026;10:34;2.45;2.45;2.45;2.45;2.45;296450;0
06.04.2026;10:35;2.46;2.46;2.45;2.46;2.46;2284292;0
06.04.2026;10:36;2.46;2.46;2.46;2.46;2.46;41574;0
06.04.2026;10:37;2.46;2.46;2.46;2.46;2.46;42804;0
06.04.2026;10:38;2.46;2.46;2.45;2.45;2.46;18940;0
06.04.2026;10:39;2.46;2.46;2.46;2.46;2.46;20910;0
06.04.2026;10:41;2.45;2.45;2.45;2.45;2.45;12250;0
06.04.2026;10:42;2.46;2.46;2.46;2.46;2.46;72570;0
06.04.2026;10:44;2.46;2.46;2.46;2.46;2.46;246000;0
06.04.2026;10:45;2.46;2.46;2.46;2.46;2.46;187698;0
06.04.2026;10:46;2.46;2.46;2.45;2.45;2.46;68800;0
06.04.2026;10:47;2.46;2.46;2.45;2.46;2.46;618851;0
06.04.2026;10:48;2.46;2.46;2.46;2.46;2.46;163836;0
06.04.2026;10:49;2.46;2.46;2.46;2.46;2.46;530130;0
06.04.2026;10:50;2.46;2.46;2.46;2.46;2.46;1144392;0
06.04.2026;10:51;2.46;2.46;2.45;2.46;2.46;363042;0
06.04.2026;10:52;2.46;2.46;2.46;2.46;2.46;430992;0
06.04.2026;10:53;2.46;2.46;2.45;2.46;2.46;4435072;0
06.04.2026;10:54;2.46;2.46;2.46;2.46;2.46;1196790;0
06.04.2026;10:55;2.46;2.47;2.45;2.47;2.46;27100792;0
06.04.2026;10:56;2.47;2.47;2.45;2.46;2.46;8874518;0
06.04.2026;10:57;2.46;2.46;2.46;2.46;2.46;854604;0
06.04.2026;10:58;2.46;2.46;2.46;2.46;2.46;106764;0
06.04.2026;10:59;2.46;2.46;2.46;2.46;2.46;227550;0
06.04.2026;11:00;2.46;2.46;2.45;2.46;2.46;630978;0
06.04.2026;11:01;2.46;2.46;2.46;2.46;2.46;447966;0
06.04.2026;11:02;2.46;2.46;2.46;2.46;2.46;202458;0
06.04.2026;11:03;2.46;2.46;2.45;2.46;2.46;450648;0
06.04.2026;11:04;2.46;2.46;2.45;2.46;2.46;146861;0
06.04.2026;11:05;2.46;2.46;2.45;2.46;2.46;196060;0
06.04.2026;11:06;2.45;2.46;2.45;2.46;2.46;188464;0
06.04.2026;11:07;2.46;2.46;2.46;2.46;2.46;38130;0
06.04.2026;11:08;2.46;2.46;2.45;2.46;2.46;967002;0
06.04.2026;11:09;2.46;2.46;2.45;2.46;2.46;1237820;0
06.04.2026;11:10;2.46;2.46;2.45;2.45;2.46;374411;0
06.04.2026;11:11;2.46;2.46;2.45;2.46;2.46;761861;0
06.04.2026;11:12;2.46;2.47;2.45;2.46;2.46;21784522;0
06.04.2026;11:13;2.46;2.46;2.46;2.46;2.46;3100092;0
06.04.2026;11:14;2.46;2.46;2.45;2.46;2.46;289049;0
06.04.2026;11:15;2.46;2.46;2.45;2.46;2.46;161336;0
06.04.2026;11:16;2.46;2.46;2.45;2.45;2.46;85604;0
06.04.2026;11:17;2.46;2.46;2.46;2.46;2.46;469614;0
06.04.2026;11:18;2.46;2.46;2.46;2.46;2.46;4674;0
06.04.2026;11:19;2.45;2.46;2.45;2.45;2.46;230797;0
06.04.2026;11:20;2.46;2.46;2.46;2.46;2.46;11316;0
06.04.2026;11:21;2.46;2.46;2.45;2.45;2.46;136254;0
06.04.2026;11:22;2.46;2.46;2.46;2.46;2.46;394584;0
06.04.2026;11:23;2.46;2.46;2.45;2.45;2.46;444274;0
06.04.2026;11:24;2.46;2.46;2.45;2.45;2.46;5899;0
06.04.2026;11:25;2.46;2.46;2.45;2.46;2.46;470873;0
06.04.2026;11:26;2.45;2.46;2.45;2.45;2.46;940410;0
06.04.2026;11:27;2.46;2.46;2.46;2.46;2.46;738492;0
06.04.2026;11:28;2.46;2.46;2.46;2.46;2.46;278718;0
06.04.2026;11:29;2.45;2.46;2.45;2.46;2.46;174036;0
06.04.2026;11:30;2.46;2.46;2.45;2.46;2.46;907688;0
06.04.2026;11:31;2.46;2.46;2.46;2.46;2.46;1828764;0
06.04.2026;11:32;2.46;2.46;2.45;2.46;2.46;536279;0
06.04.2026;11:33;2.46;2.46;2.46;2.46;2.46;353256;0
06.04.2026;11:34;2.46;2.46;2.45;2.45;2.46;581296;0
06.04.2026;11:35;2.46;2.47;2.45;2.47;2.46;9627923;0
06.04.2026;11:36;2.47;2.47;2.46;2.47;2.47;83236;0
06.04.2026;11:37;2.47;2.47;2.45;2.46;2.46;5347304;0
06.04.2026;11:38;2.46;2.46;2.46;2.46;2.46;170478;0
06.04.2026;11:39;2.46;2.46;2.46;2.46;2.46;471090;0
06.04.2026;11:40;2.46;2.46;2.45;2.46;2.46;1079182;0
06.04.2026;11:41;2.46;2.46;2.46;2.46;2.46;223614;0
06.04.2026;11:42;2.46;2.46;2.46;2.46;2.46;12300;0
06.04.2026;11:43;2.46;2.46;2.46;2.46;2.46;290034;0
06.04.2026;11:44;2.45;2.46;2.45;2.46;2.46;6395;0
06.04.2026;11:45;2.46;2.46;2.46;2.46;2.46;18450;0
06.04.2026;11:46;2.46;2.46;2.45;2.46;2.46;70162;0
06.04.2026;11:47;2.46;2.46;2.45;2.45;2.46;4993600;0
06.04.2026;11:48;2.45;2.46;2.45;2.46;2.46;21630;0
06.04.2026;11:49;2.46;2.46;2.46;2.46;2.46;282408;0
06.04.2026;11:50;2.46;2.46;2.46;2.46;2.46;6150;0
06.04.2026;11:51;2.46;2.46;2.46;2.46;2.46;76014;0
06.04.2026;11:52;2.46;2.46;2.46;2.46;2.46;49200;0
06.04.2026;11:53;2.46;2.46;2.46;2.46;2.46;120048;0
06.04.2026;11:54;2.46;2.46;2.46;2.46;2.46;2014494;0
06.04.2026;11:55;2.46;2.46;2.46;2.46;2.46;4789374;0
06.04.2026;11:56;2.45;2.46;2.45;2.46;2.46;120293;0
06.04.2026;11:57;2.46;2.46;2.45;2.45;2.46;380463;0
06.04.2026;11:58;2.45;2.46;2.45;2.46;2.46;296214;0
06.04.2026;11:59;2.46;2.46;2.45;2.46;2.46;938980;0
06.04.2026;12:00;2.46;2.46;2.45;2.46;2.46;129395;0
06.04.2026;12:01;2.46;2.46;2.45;2.46;2.46;54597;0
06.04.2026;12:02;2.46;2.46;2.46;2.46;2.46;128904;0
06.04.2026;12:03;2.46;2.46;2.46;2.46;2.46;14514;0
06.04.2026;12:04;2.46;2.46;2.46;2.46;2.46;23124;0
06.04.2026;12:05;2.46;2.46;2.46;2.46;2.46;257316;0
06.04.2026;12:06;2.46;2.46;2.46;2.46;2.46;232224;0
06.04.2026;12:07;2.46;2.46;2.46;2.46;2.46;66420;0
06.04.2026;12:08;2.46;2.46;2.46;2.46;2.46;72078;0
06.04.2026;12:09;2.46;2.46;2.46;2.46;2.46;31488;0
06.04.2026;12:10;2.46;2.47;2.46;2.46;2.47;1707987;0
06.04.2026;12:11;2.47;2.47;2.46;2.47;2.47;1036306;0
06.04.2026;12:12;2.46;2.46;2.45;2.45;2.46;341693;0
06.04.2026;12:14;2.46;2.46;2.46;2.46;2.46;1777842;0
06.04.2026;12:15;2.47;2.47;2.47;2.47;2.47;419900;0
06.04.2026;12:16;2.47;2.47;2.47;2.47;2.47;27417;0
06.04.2026;12:17;2.47;2.47;2.46;2.47;2.47;331423;0
06.04.2026;12:18;2.47;2.47;2.46;2.47;2.47;928176;0
06.04.2026;12:19;2.47;2.47;2.47;2.47;2.47;260832;0
06.04.2026;12:20;2.47;2.47;2.45;2.46;2.46;9173419;0
06.04.2026;12:21;2.45;2.46;2.45;2.46;2.46;54857;0
06.04.2026;12:22;2.46;2.46;2.45;2.46;2.46;256576;0
06.04.2026;12:23;2.46;2.46;2.46;2.46;2.46;293478;0
06.04.2026;12:24;2.46;2.47;2.45;2.47;2.46;8160306;0
06.04.2026;12:25;2.47;2.47;2.46;2.46;2.47;507830;0
06.04.2026;12:26;2.47;2.47;2.46;2.47;2.47;902536;0
06.04.2026;12:28;2.47;2.47;2.47;2.47;2.47;494;0
06.04.2026;12:29;2.46;2.47;2.46;2.46;2.47;175391;0
06.04.2026;12:30;2.46;2.47;2.46;2.47;2.47;13580;0
06.04.2026;12:31;2.47;2.47;2.46;2.46;2.47;1737916;0
06.04.2026;12:32;2.46;2.46;2.46;2.46;2.46;421890;0
06.04.2026;12:33;2.46;2.47;2.46;2.47;2.47;4983483;0
06.04.2026;12:34;2.47;2.47;2.47;2.47;2.47;247000;0
06.04.2026;12:35;2.46;2.46;2.46;2.46;2.46;123000;0
06.04.2026;12:36;2.46;2.46;2.46;2.46;2.46;61500;0
06.04.2026;12:37;2.46;2.47;2.46;2.46;2.47;178968;0
06.04.2026;12:38;2.46;2.47;2.46;2.47;2.47;870081;0
06.04.2026;12:39;2.46;2.47;2.46;2.47;2.47;183032;0
06.04.2026;12:40;2.47;2.47;2.47;2.47;2.47;115596;0
06.04.2026;12:42;2.46;2.47;2.46;2.47;2.47;304992;0
06.04.2026;12:43;2.47;2.47;2.47;2.47;2.47;200564;0
06.04.2026;12:44;2.47;2.47;2.47;2.47;2.47;1011465;0
06.04.2026;12:45;2.47;2.47;2.47;2.47;2.47;481156;0
06.04.2026;12:46;2.47;2.47;2.47;2.47;2.47;118066;0
06.04.2026;12:48;2.46;2.46;2.46;2.46;2.46;12300;0
06.04.2026;12:49;2.46;2.47;2.46;2.47;2.47;54320;0
06.04.2026;12:50;2.46;2.47;2.46;2.47;2.47;1447123;0
06.04.2026;12:51;2.47;2.47;2.46;2.46;2.47;186970;0
06.04.2026;12:52;2.47;2.47;2.47;2.47;2.47;115596;0
06.04.2026;12:53;2.47;2.47;2.47;2.47;2.47;30134;0
06.04.2026;12:54;2.47;2.47;2.47;2.47;2.47;29640;0
06.04.2026;12:55;2.47;2.47;2.46;2.47;2.47;345281;0
06.04.2026;12:56;2.46;2.47;2.46;2.46;2.47;6039350;0
06.04.2026;12:57;2.47;2.47;2.46;2.46;2.47;72610;0
06.04.2026;12:58;2.47;2.47;2.47;2.47;2.47;239096;0
06.04.2026;12:59;2.47;2.47;2.46;2.47;2.47;214984;0
06.04.2026;13:00;2.46;2.47;2.46;2.47;2.47;113220;0
06.04.2026;13:01;2.46;2.47;2.46;2.47;2.47;248190;0
06.04.2026;13:02;2.46;2.46;2.45;2.45;2.46;15620757;0
06.04.2026;13:03;2.46;2.46;2.45;2.45;2.46;12496;0
06.04.2026;13:04;2.45;2.45;2.45;2.45;2.45;122500;0
06.04.2026;13:05;2.45;2.46;2.45;2.46;2.46;306405;0
06.04.2026;13:06;2.46;2.46;2.45;2.46;2.46;539150;0
06.04.2026;13:07;2.45;2.46;2.45;2.46;2.46;1446889;0
06.04.2026;13:08;2.46;2.46;2.46;2.46;2.46;246;0
06.04.2026;13:11;2.46;2.46;2.45;2.45;2.46;50230;0
06.04.2026;13:13;2.46;2.46;2.46;2.46;2.46;186222;0
06.04.2026;13:14;2.45;2.46;2.45;2.46;2.46;736;0
06.04.2026;13:15;2.46;2.46;2.45;2.46;2.46;541691;0
06.04.2026;13:17;2.46;2.46;2.46;2.46;2.46;38130;0
06.04.2026;13:18;2.46;2.46;2.45;2.45;2.46;247952;0
06.04.2026;13:22;2.46;2.46;2.45;2.45;2.46;108050;0
06.04.2026;13:26;2.46;2.46;2.45;2.45;2.46;175373;0
06.04.2026;13:28;2.45;2.46;2.45;2.46;2.46;121253;0
06.04.2026;13:29;2.46;2.46;2.46;2.46;2.46;26076;0
06.04.2026;13:30;2.45;2.45;2.45;2.45;2.45;17150;0
06.04.2026;13:32;2.45;2.46;2.45;2.46;2.46;736;0
06.04.2026;13:33;2.46;2.46;2.46;2.46;2.46;738;0
06.04.2026;13:34;2.46;2.46;2.46;2.46;2.46;73800;0
06.04.2026;13:35;2.46;2.46;2.46;2.46;2.46;12300;0
06.04.2026;13:36;2.46;2.46;2.46;2.46;2.46;482898;0
06.04.2026;13:37;2.46;2.46;2.46;2.46;2.46;984;0
06.04.2026;13:39;2.46;2.46;2.46;2.46;2.46;246;0
06.04.2026;13:40;2.46;2.46;2.46;2.46;2.46;246;0
06.04.2026;13:41;2.46;2.46;2.46;2.46;2.46;14760;0
06.04.2026;13:42;2.46;2.46;2.46;2.46;2.46;13530;0
06.04.2026;13:43;2.46;2.46;2.46;2.46;2.46;115128;0
06.04.2026;13:44;2.46;2.46;2.46;2.46;2.46;492;0
06.04.2026;13:45;2.46;2.46;2.46;2.46;2.46;156456;0
06.04.2026;13:46;2.45;2.46;2.45;2.45;2.46;285735;0
06.04.2026;13:47;2.45;2.45;2.45;2.45;2.45;4900;0
06.04.2026;13:49;2.46;2.46;2.46;2.46;2.46;12300;0
06.04.2026;13:54;2.46;2.46;2.46;2.46;2.46;9840;0
06.04.2026;13:56;2.46;2.46;2.46;2.46;2.46;139728;0
06.04.2026;13:59;2.46;2.46;2.46;2.46;2.46;4920;0
06.04.2026;14:00;2.46;2.46;2.45;2.45;2.46;26755;0
06.04.2026;14:01;2.45;2.45;2.45;2.45;2.45;81830;0
06.04.2026;14:03;2.45;2.46;2.45;2.45;2.46;91680;0
06.04.2026;14:04;2.45;2.45;2.45;2.45;2.45;28175;0
06.04.2026;14:05;2.46;2.46;2.46;2.46;2.46;221400;0
06.04.2026;14:06;2.46;2.46;2.46;2.46;2.46;135300;0
06.04.2026;14:07;2.45;2.45;2.45;2.45;2.45;1130675;0
06.04.2026;14:08;2.45;2.45;2.45;2.45;2.45;17150;0
06.04.2026;14:09;2.45;2.45;2.45;2.45;2.45;1494500;0
06.04.2026;14:10;2.46;2.46;2.45;2.45;2.46;621526;0
06.04.2026;14:11;2.45;2.45;2.45;2.45;2.45;24255;0
06.04.2026;14:13;2.46;2.46;2.46;2.46;2.46;492000;0
06.04.2026;14:14;2.45;2.47;2.45;2.46;2.46;31104332;0
06.04.2026;14:15;2.45;2.46;2.45;2.46;2.46;190792;0
06.04.2026;14:18;2.46;2.46;2.46;2.46;2.46;123000;0
06.04.2026;14:19;2.46;2.46;2.46;2.46;2.46;14760;0
06.04.2026;14:20;2.46;2.46;2.46;2.46;2.46;51660;0
06.04.2026;14:23;2.45;2.45;2.45;2.45;2.45;75950;0
06.04.2026;14:25;2.45;2.45;2.45;2.45;2.45;15190;0
06.04.2026;14:29;2.46;2.46;2.46;2.46;2.46;24600;0
06.04.2026;14:31;2.46;2.46;2.45;2.45;2.46;182975;0
06.04.2026;14:32;2.45;2.45;2.45;2.45;2.45;1960;0
06.04.2026;14:33;2.45;2.46;2.45;2.46;2.46;165353;0
06.04.2026;14:35;2.46;2.46;2.45;2.45;2.46;13036;0
06.04.2026;14:36;2.45;2.45;2.45;2.45;2.45;20090;0
06.04.2026;14:37;2.46;2.46;2.46;2.46;2.46;77490;0
06.04.2026;14:38;2.46;2.46;2.46;2.46;2.46;22140;0
06.04.2026;14:39;2.46;2.46;2.45;2.45;2.46;63805;0
06.04.2026;14:40;2.46;2.47;2.46;2.47;2.47;19652308;0
06.04.2026;14:41;2.47;2.47;2.47;2.47;2.47;1083095;0
06.04.2026;14:42;2.47;2.47;2.46;2.47;2.47;1439458;0
06.04.2026;14:43;2.46;2.48;2.46;2.48;2.47;28023280;0
06.04.2026;14:44;2.48;2.49;2.48;2.49;2.49;25789692;0
06.04.2026;14:45;2.49;2.52;2.49;2.51;2.50;26567868;0
06.04.2026;14:46;2.51;2.51;2.50;2.51;2.50;4266900;0
06.04.2026;14:47;2.51;2.52;2.50;2.52;2.51;16051883;0
06.04.2026;14:48;2.52;2.52;2.51;2.52;2.51;2859820;0
06.04.2026;14:49;2.52;2.52;2.51;2.52;2.51;3552053;0
06.04.2026;14:50;2.52;2.52;2.51;2.51;2.51;6986097;0
06.04.2026;14:51;2.51;2.52;2.51;2.51;2.51;3821345;0
06.04.2026;14:52;2.51;2.52;2.51;2.52;2.51;1174335;0
06.04.2026;14:53;2.52;2.52;2.51;2.51;2.51;3585450;0
06.04.2026;14:54;2.52;2.52;2.51;2.51;2.51;256070;0
06.04.2026;14:55;2.52;2.52;2.51;2.51;2.51;15260598;0
06.04.2026;14:56;2.51;2.52;2.51;2.51;2.51;1835072;0
06.04.2026;14:57;2.51;2.52;2.51;2.52;2.51;4305852;0
06.04.2026;14:58;2.51;2.52;2.51;2.51;2.51;3128465;0
06.04.2026;14:59;2.51;2.52;2.51;2.52;2.51;281890;0
06.04.2026;15:00;2.51;2.52;2.51;2.51;2.51;1503800;0
06.04.2026;15:01;2.52;2.52;2.51;2.51;2.51;178241;0
06.04.2026;15:02;2.51;2.52;2.51;2.52;2.51;89315;0
06.04.2026;15:03;2.51;2.52;2.51;2.52;2.51;248584;0
06.04.2026;15:04;2.51;2.51;2.51;2.51;2.51;144325;0
06.04.2026;15:05;2.51;2.52;2.51;2.51;2.51;1736747;0
06.04.2026;15:06;2.52;2.52;2.51;2.51;2.51;402227;0
06.04.2026;15:07;2.51;2.52;2.51;2.51;2.51;1673405;0
06.04.2026;15:08;2.51;2.52;2.51;2.52;2.51;2037686;0
06.04.2026;15:09;2.52;2.52;2.51;2.52;2.51;3570040;0
06.04.2026;15:10;2.52;2.52;2.51;2.51;2.51;691862;0
06.04.2026;15:11;2.52;2.52;2.52;2.52;2.52;694008;0
06.04.2026;15:12;2.52;2.52;2.51;2.52;2.51;1528567;0
06.04.2026;15:13;2.51;2.52;2.51;2.52;2.51;906800;0
06.04.2026;15:14;2.52;2.52;2.51;2.51;2.51;2138500;0
06.04.2026;15:15;2.52;2.52;2.52;2.52;2.52;1015560;0
06.04.2026;15:16;2.52;2.53;2.52;2.53;2.52;47788032;0
06.04.2026;15:17;2.53;2.53;2.50;2.51;2.51;55760680;0
06.04.2026;15:18;2.51;2.51;2.50;2.51;2.50;213289;0
06.04.2026;15:19;2.51;2.51;2.50;2.51;2.50;130923;0
06.04.2026;15:20;2.51;2.51;2.50;2.51;2.50;7026;0
06.04.2026;15:21;2.50;2.50;2.50;2.50;2.50;10543500;0
06.04.2026;15:22;2.51;2.51;2.50;2.51;2.50;5010;0
06.04.2026;15:23;2.51;2.51;2.51;2.51;2.51;18072;0
06.04.2026;15:24;2.51;2.51;2.51;2.51;2.51;502753;0
06.04.2026;15:25;2.51;2.51;2.50;2.50;2.50;295001;0
06.04.2026;15:26;2.51;2.51;2.50;2.50;2.50;973780;0
06.04.2026;15:28;2.51;2.51;2.50;2.50;2.50;270010;0
06.04.2026;15:29;2.50;2.50;2.50;2.50;2.50;2250;0
06.04.2026;15:30;2.50;2.50;2.50;2.50;2.50;3250;0
06.04.2026;15:31;2.51;2.51;2.50;2.51;2.50;631666;0
06.04.2026;15:32;2.50;2.50;2.50;2.50;2.50;201000;0
06.04.2026;15:33;2.51;2.51;2.50;2.50;2.50;24866262;0
06.04.2026;15:34;2.50;2.51;2.50;2.51;2.50;26551;0
06.04.2026;15:35;2.51;2.51;2.50;2.50;2.50;249050;0
06.04.2026;15:36;2.51;2.51;2.50;2.50;2.50;1525484;0
06.04.2026;15:37;2.51;2.51;2.50;2.51;2.50;157620;0
06.04.2026;15:38;2.51;2.51;2.51;2.51;2.51;13805;0
06.04.2026;15:39;2.51;2.51;2.50;2.50;2.50;315708;0
06.04.2026;15:40;2.50;2.51;2.50;2.50;2.50;404534;0
06.04.2026;15:41;2.50;2.51;2.50;2.51;2.50;210918;0
06.04.2026;15:42;2.51;2.51;2.50;2.50;2.50;1030100;0
06.04.2026;15:43;2.50;2.51;2.50;2.50;2.50;130468;0
06.04.2026;15:44;2.50;2.50;2.50;2.50;2.50;375000;0
06.04.2026;15:45;2.50;2.50;2.50;2.50;2.50;175000;0
06.04.2026;15:46;2.50;2.51;2.50;2.51;2.50;131520;0
06.04.2026;15:47;2.51;2.51;2.51;2.51;2.51;29586120;0
06.04.2026;15:48;2.52;2.52;2.52;2.52;2.52;419328;0
06.04.2026;15:49;2.52;2.52;2.51;2.51;2.51;8567;0
06.04.2026;15:50;2.52;2.52;2.51;2.51;2.51;269644;0
06.04.2026;15:51;2.52;2.52;2.52;2.52;2.52;98532;0
06.04.2026;15:52;2.52;2.52;2.51;2.52;2.51;205376;0
06.04.2026;15:53;2.52;2.52;2.51;2.52;2.51;103936;0
06.04.2026;15:54;2.52;2.52;2.52;2.52;2.52;69048;0
06.04.2026;15:55;2.52;2.52;2.52;2.52;2.52;86436;0
06.04.2026;15:56;2.51;2.51;2.51;2.51;2.51;816001;0
06.04.2026;15:57;2.51;2.52;2.51;2.52;2.51;3267125;0
06.04.2026;15:58;2.51;2.52;2.51;2.52;2.51;506536;0
06.04.2026;15:59;2.51;2.51;2.51;2.51;2.51;1757;0
06.04.2026;16:00;2.52;2.52;2.52;2.52;2.52;119196;0
06.04.2026;16:01;2.51;2.52;2.51;2.51;2.51;405872;0
06.04.2026;16:02;2.51;2.52;2.51;2.51;2.51;427600;0
06.04.2026;16:03;2.51;2.52;2.51;2.51;2.51;133550;0
06.04.2026;16:04;2.51;2.52;2.51;2.51;2.51;1574022;0
06.04.2026;16:05;2.51;2.52;2.51;2.51;2.51;1302804;0
06.04.2026;16:06;2.51;2.52;2.51;2.52;2.51;249312;0
06.04.2026;16:07;2.52;2.52;2.51;2.52;2.51;43342;0
06.04.2026;16:08;2.51;2.52;2.51;2.51;2.51;26105;0
06.04.2026;16:09;2.51;2.52;2.51;2.52;2.51;2130243;0
06.04.2026;16:10;2.51;2.52;2.51;2.52;2.51;65561;0
06.04.2026;16:11;2.52;2.52;2.52;2.52;2.52;6300;0
06.04.2026;16:12;2.52;2.52;2.51;2.52;2.51;1013035;0
06.04.2026;16:13;2.52;2.52;2.51;2.52;2.51;1056835;0
06.04.2026;16:14;2.52;2.52;2.51;2.51;2.51;611951;0
06.04.2026;16:15;2.52;2.52;2.51;2.51;2.51;5735396;0
06.04.2026;16:16;2.51;2.52;2.50;2.52;2.51;18371324;0
06.04.2026;16:17;2.51;2.51;2.51;2.51;2.51;550945;0
06.04.2026;16:18;2.51;2.51;2.51;2.51;2.51;2510;0
06.04.2026;16:19;2.51;2.51;2.51;2.51;2.51;464350;0
06.04.2026;16:20;2.51;2.51;2.51;2.51;2.51;753000;0
06.04.2026;16:21;2.51;2.51;2.51;2.51;2.51;2510;0
06.04.2026;16:22;2.51;2.51;2.51;2.51;2.51;12550;0
06.04.2026;16:23;2.51;2.51;2.51;2.51;2.51;1255000;0
06.04.2026;16:24;2.51;2.51;2.51;2.51;2.51;251;0
06.04.2026;16:25;2.51;2.51;2.51;2.51;2.51;2761;0
06.04.2026;16:26;2.51;2.51;2.51;2.51;2.51;20759456;0
06.04.2026;16:27;2.51;2.52;2.51;2.51;2.51;3830256;0
06.04.2026;16:28;2.51;2.51;2.51;2.51;2.51;529861;0
06.04.2026;16:29;2.51;2.51;2.51;2.51;2.51;1004502;0
06.04.2026;16:30;2.51;2.51;2.50;2.50;2.50;269501;0
06.04.2026;16:31;2.51;2.51;2.50;2.50;2.50;203586;0
06.04.2026;16:32;2.51;2.51;2.50;2.50;2.50;885583;0
06.04.2026;16:33;2.50;2.51;2.50;2.50;2.50;504250;0
06.04.2026;16:34;2.51;2.51;2.51;2.51;2.51;251000;0
06.04.2026;16:35;2.50;2.50;2.50;2.50;2.50;5250;0
06.04.2026;16:36;2.51;2.51;2.51;2.51;2.51;588344;0
06.04.2026;16:37;2.51;2.51;2.50;2.50;2.50;81775;0
06.04.2026;16:38;2.51;2.51;2.50;2.50;2.50;331212;0
06.04.2026;16:39;2.50;2.50;2.50;2.50;2.50;25000;0
06.04.2026;16:40;2.51;2.51;2.50;2.50;2.50;490120;0
06.04.2026;16:41;2.50;2.51;2.50;2.50;2.50;201450;0
06.04.2026;16:42;2.50;2.51;2.50;2.50;2.50;207020;0
06.04.2026;16:43;2.50;2.50;2.50;2.50;2.50;12500;0
06.04.2026;16:45;2.50;2.50;2.50;2.50;2.50;250;0
06.04.2026;16:46;2.51;2.51;2.50;2.50;2.50;776798;0
06.04.2026;16:47;2.50;2.52;2.50;2.52;2.51;8292013;0
06.04.2026;16:48;2.51;2.52;2.51;2.52;2.51;3273;0
06.04.2026;16:49;2.52;2.52;2.52;2.52;2.52;4032;0
06.04.2026;16:50;2.51;2.51;2.51;2.51;2.51;16064;0
06.04.2026;16:51;2.52;2.52;2.52;2.52;2.52;8820;0
06.04.2026;16:52;2.51;2.51;2.51;2.51;2.51;15311;0
06.04.2026;16:53;2.52;2.52;2.52;2.52;2.52;2016;0
06.04.2026;16:55;2.51;2.51;2.51;2.51;2.51;27108;0
06.04.2026;16:56;2.51;2.52;2.51;2.51;2.51;427203;0
06.04.2026;16:57;2.52;2.52;2.51;2.52;2.51;266057;0
06.04.2026;16:58;2.51;2.51;2.51;2.51;2.51;754757;0
06.04.2026;16:59;2.51;2.51;2.51;2.51;2.51;112950;0
06.04.2026;17:00;2.51;2.52;2.51;2.52;2.51;118544;0
06.04.2026;17:02;2.52;2.52;2.52;2.52;2.52;8820;0
06.04.2026;17:03;2.51;2.52;2.51;2.51;2.51;13304;0
06.04.2026;17:04;2.51;2.52;2.51;2.52;2.51;131800;0
06.04.2026;17:05;2.52;2.52;2.51;2.52;2.51;1666260;0
06.04.2026;17:06;2.51;2.51;2.51;2.51;2.51;175700;0
06.04.2026;17:07;2.52;2.52;2.52;2.52;2.52;6300;0
06.04.2026;17:08;2.52;2.52;2.51;2.51;2.51;1408189;0
06.04.2026;17:09;2.51;2.52;2.51;2.52;2.51;305276;0
06.04.2026;17:10;2.51;2.52;2.51;2.52;2.51;143073;0
06.04.2026;17:11;2.52;2.52;2.52;2.52;2.52;315000;0
06.04.2026;17:13;2.52;2.52;2.52;2.52;2.52;25200;0
06.04.2026;17:14;2.51;2.52;2.51;2.52;2.51;27710;0
06.04.2026;17:15;2.52;2.52;2.51;2.51;2.51;69528;0
06.04.2026;17:16;2.51;2.51;2.51;2.51;2.51;721625;0
06.04.2026;17:17;2.51;2.51;2.51;2.51;2.51;8048817;0
06.04.2026;17:18;2.51;2.51;2.51;2.51;2.51;226151;0
06.04.2026;17:19;2.51;2.51;2.51;2.51;2.51;279865;0
06.04.2026;17:20;2.51;2.51;2.51;2.51;2.51;132026;0
06.04.2026;17:21;2.51;2.51;2.51;2.51;2.51;599388;0
06.04.2026;17:22;2.52;2.52;2.51;2.51;2.51;321864;0
06.04.2026;17:23;2.52;2.52;2.52;2.52;2.52;7560;0
06.04.2026;17:25;2.52;2.52;2.52;2.52;2.52;126000;0
06.04.2026;17:26;2.52;2.53;2.52;2.52;2.52;30910368;0
06.04.2026;17:27;2.53;2.54;2.52;2.52;2.53;11035758;0
06.04.2026;17:28;2.53;2.54;2.53;2.53;2.53;7770409;0
06.04.2026;17:29;2.53;2.54;2.52;2.53;2.53;4714606;0
06.04.2026;17:30;2.53;2.54;2.53;2.53;2.53;669322;0
06.04.2026;17:31;2.53;2.54;2.53;2.53;2.53;1366356;0
06.04.2026;17:32;2.53;2.54;2.53;2.53;2.53;7018966;0
06.04.2026;17:33;2.53;2.54;2.53;2.53;2.53;114260;0
06.04.2026;17:34;2.54;2.54;2.53;2.54;2.53;500972;0
06.04.2026;17:35;2.54;2.54;2.53;2.54;2.53;569425;0
06.04.2026;17:36;2.53;2.54;2.53;2.53;2.53;761117;0
06.04.2026;17:37;2.54;2.54;2.53;2.54;2.53;236576;0
06.04.2026;17:38;2.54;2.54;2.53;2.54;2.53;200394;0
06.04.2026;17:39;2.54;2.54;2.53;2.53;2.53;186074;0
06.04.2026;17:40;2.53;2.54;2.53;2.54;2.53;302537;0
06.04.2026;17:41;2.54;2.55;2.53;2.54;2.54;51828572;0
06.04.2026;17:42;2.54;2.55;2.54;2.54;2.54;1714491;0
06.04.2026;17:43;2.55;2.56;2.54;2.55;2.55;21735450;0
06.04.2026;17:44;2.55;2.57;2.55;2.55;2.56;38507304;0
06.04.2026;17:45;2.55;2.56;2.54;2.55;2.55;29056792;0
06.04.2026;17:46;2.55;2.57;2.55;2.56;2.56;30700584;0
06.04.2026;17:47;2.56;2.57;2.55;2.57;2.56;33030488;0
06.04.2026;17:48;2.56;2.57;2.55;2.56;2.56;11873814;0
06.04.2026;17:49;2.56;2.57;2.55;2.55;2.56;6789198;0
06.04.2026;17:50;2.55;2.56;2.55;2.56;2.55;796560;0
06.04.2026;17:51;2.55;2.56;2.55;2.55;2.55;3744249;0
06.04.2026;17:52;2.55;2.57;2.55;2.57;2.56;14395195;0
06.04.2026;17:53;2.56;2.56;2.55;2.55;2.55;18779116;0
06.04.2026;17:54;2.55;2.56;2.55;2.56;2.55;13506441;0
06.04.2026;17:55;2.55;2.56;2.55;2.56;2.55;152785;0
06.04.2026;17:56;2.56;2.57;2.55;2.56;2.56;25053672;0
06.04.2026;17:57;2.55;2.56;2.55;2.56;2.55;253364;0
06.04.2026;17:58;2.56;2.56;2.55;2.55;2.55;40852280;0
06.04.2026;17:59;2.54;2.55;2.54;2.55;2.54;1018109;0
06.04.2026;18:00;2.55;2.55;2.54;2.55;2.54;79173600;0
06.04.2026;18:01;2.54;2.54;2.53;2.54;2.53;50826376;0
06.04.2026;18:02;2.54;2.54;2.53;2.53;2.53;45604680;0
06.04.2026;18:03;2.53;2.54;2.53;2.53;2.53;1171266;0
06.04.2026;18:04;2.54;2.54;2.53;2.54;2.53;7446019;0
06.04.2026;18:05;2.54;2.54;2.53;2.54;2.53;5097592;0
06.04.2026;18:06;2.54;2.54;2.53;2.54;2.53;1322404;0
06.04.2026;18:07;2.53;2.54;2.53;2.54;2.53;8547438;0
06.04.2026;18:08;2.54;2.54;2.53;2.54;2.53;3071384;0
06.04.2026;18:09;2.54;2.54;2.53;2.54;2.53;647533;0
06.04.2026;18:10;2.54;2.54;2.53;2.53;2.53;1086586;0
06.04.2026;18:11;2.53;2.54;2.53;2.54;2.53;1848150;0
06.04.2026;18:12;2.53;2.54;2.53;2.53;2.53;2110767;0
06.04.2026;18:13;2.54;2.55;2.54;2.55;2.54;61259184;0
06.04.2026;18:14;2.54;2.55;2.53;2.55;2.54;36804296;0
07.04.2026;09:30;2.54;2.54;2.54;2.54;2.54;71120;0
07.04.2026;09:35;2.54;2.54;2.53;2.53;2.53;575784;0
07.04.2026;09:36;2.54;2.54;2.53;2.53;2.53;4148418;0
07.04.2026;09:37;2.53;2.54;2.53;2.54;2.53;530641;0
07.04.2026;09:38;2.53;2.54;2.53;2.54;2.53;6342814;0
07.04.2026;09:39;2.54;2.54;2.54;2.54;2.54;170180;0
07.04.2026;09:40;2.54;2.54;2.54;2.54;2.54;191770;0
07.04.2026;09:41;2.53;2.54;2.53;2.54;2.53;419456;0
07.04.2026;09:42;2.53;2.53;2.53;2.53;2.53;15180;0
07.04.2026;09:43;2.54;2.54;2.54;2.54;2.54;337820;0
07.04.2026;09:44;2.54;2.55;2.53;2.54;2.54;4677768;0
07.04.2026;09:45;2.55;2.55;2.53;2.53;2.54;8357392;0
07.04.2026;09:46;2.53;2.53;2.53;2.53;2.53;25047;0
07.04.2026;09:47;2.54;2.54;2.53;2.53;2.53;1320114;0
07.04.2026;09:48;2.53;2.53;2.53;2.53;2.53;63503;0
07.04.2026;09:49;2.54;2.54;2.53;2.53;2.53;8859;0
07.04.2026;09:50;2.53;2.53;2.53;2.53;2.53;79442;0
07.04.2026;09:51;2.53;2.53;2.53;2.53;2.53;271975;0
07.04.2026;09:52;2.54;2.54;2.54;2.54;2.54;254000;0
07.04.2026;09:53;2.53;2.53;2.53;2.53;2.53;159390;0
07.04.2026;09:54;2.54;2.54;2.54;2.54;2.54;76200;0
07.04.2026;09:55;2.53;2.53;2.53;2.53;2.53;273746;0
07.04.2026;09:56;2.53;2.54;2.53;2.53;2.53;233616;0
07.04.2026;09:57;2.53;2.54;2.53;2.54;2.53;34673;0
07.04.2026;09:58;2.53;2.53;2.53;2.53;2.53;86779;0
07.04.2026;09:59;2.54;2.54;2.53;2.54;2.53;8623000;0
07.04.2026;10:00;2.54;2.55;2.53;2.55;2.54;6397532;0
07.04.2026;10:01;2.55;2.55;2.54;2.55;2.54;836886;0
07.04.2026;10:02;2.55;2.55;2.54;2.55;2.54;1860000;0
07.04.2026;10:03;2.55;2.55;2.55;2.55;2.55;1693200;0
07.04.2026;10:04;2.55;2.55;2.54;2.54;2.54;509510;0
07.04.2026;10:05;2.55;2.56;2.55;2.55;2.55;11998451;0
07.04.2026;10:06;2.55;2.56;2.54;2.55;2.55;2873970;0
07.04.2026;10:07;2.55;2.56;2.55;2.55;2.55;794501;0
07.04.2026;10:08;2.56;2.56;2.55;2.55;2.55;8218500;0
07.04.2026;10:09;2.55;2.57;2.55;2.56;2.56;8175740;0
07.04.2026;10:10;2.57;2.57;2.56;2.56;2.56;6338134;0
07.04.2026;10:11;2.57;2.57;2.56;2.56;2.56;1355440;0
07.04.2026;10:12;2.56;2.57;2.56;2.56;2.56;12662400;0
07.04.2026;10:13;2.57;2.58;2.56;2.58;2.57;6661439;0
07.04.2026;10:14;2.58;2.58;2.56;2.58;2.57;9599438;0
07.04.2026;10:15;2.58;2.58;2.57;2.58;2.57;4901546;0
07.04.2026;10:16;2.57;2.58;2.56;2.57;2.57;6053540;0
07.04.2026;10:17;2.57;2.58;2.56;2.56;2.57;8513211;0
07.04.2026;10:18;2.57;2.57;2.56;2.57;2.56;1960420;0
07.04.2026;10:19;2.57;2.57;2.57;2.57;2.57;416340;0
07.04.2026;10:20;2.57;2.57;2.55;2.55;2.56;17799388;0
07.04.2026;10:21;2.55;2.56;2.55;2.56;2.55;473044;0
07.04.2026;10:22;2.56;2.56;2.55;2.56;2.55;949305;0
07.04.2026;10:23;2.56;2.56;2.55;2.55;2.55;333055;0
07.04.2026;10:24;2.56;2.56;2.55;2.55;2.55;538671;0
07.04.2026;10:25;2.55;2.56;2.55;2.55;2.55;799720;0
07.04.2026;10:26;2.55;2.56;2.55;2.55;2.55;511255;0
07.04.2026;10:27;2.55;2.56;2.55;2.55;2.55;253925;0
07.04.2026;10:28;2.55;2.56;2.55;2.56;2.55;2855557;0
07.04.2026;10:29;2.56;2.56;2.55;2.56;2.55;441807;0
07.04.2026;10:30;2.55;2.56;2.55;2.56;2.55;431467;0
07.04.2026;10:31;2.56;2.56;2.55;2.56;2.55;4449897;0
07.04.2026;10:32;2.56;2.56;2.55;2.55;2.55;3571601;0
07.04.2026;10:33;2.56;2.56;2.55;2.55;2.55;25627344;0
07.04.2026;10:34;2.56;2.56;2.55;2.56;2.55;1225632;0
07.04.2026;10:35;2.55;2.55;2.54;2.54;2.54;6772057;0
07.04.2026;10:36;2.54;2.55;2.54;2.54;2.54;1702409;0
07.04.2026;10:37;2.54;2.55;2.54;2.55;2.54;51055;0
07.04.2026;10:38;2.54;2.55;2.54;2.55;2.54;8820645;0
07.04.2026;10:39;2.54;2.55;2.54;2.55;2.54;304849;0
07.04.2026;10:40;2.55;2.55;2.54;2.54;2.54;752000;0
07.04.2026;10:41;2.54;2.55;2.54;2.55;2.54;931730;0
07.04.2026;10:42;2.54;2.55;2.54;2.54;2.54;237782;0
07.04.2026;10:43;2.55;2.55;2.54;2.55;2.54;211952;0
07.04.2026;10:44;2.54;2.55;2.54;2.54;2.54;5351072;0
07.04.2026;10:45;2.54;2.55;2.54;2.54;2.54;70613;0
07.04.2026;10:46;2.55;2.55;2.54;2.55;2.54;140472;0
07.04.2026;10:47;2.55;2.55;2.54;2.55;2.54;17274;0
07.04.2026;10:48;2.54;2.55;2.54;2.55;2.54;65788;0
07.04.2026;10:49;2.55;2.55;2.54;2.55;2.54;12235;0
07.04.2026;10:50;2.54;2.55;2.54;2.54;2.54;226574;0
07.04.2026;10:51;2.54;2.54;2.53;2.54;2.53;4857962;0
07.04.2026;10:52;2.54;2.54;2.53;2.54;2.53;2890146;0
07.04.2026;10:53;2.54;2.54;2.53;2.54;2.53;144740;0
07.04.2026;10:54;2.53;2.54;2.53;2.53;2.53;142443;0
07.04.2026;10:55;2.54;2.54;2.53;2.54;2.53;21287156;0
07.04.2026;10:56;2.54;2.54;2.53;2.54;2.53;487956;0
07.04.2026;10:57;2.54;2.54;2.53;2.54;2.53;2888138;0
07.04.2026;10:58;2.54;2.54;2.53;2.53;2.53;127718;0
07.04.2026;10:59;2.54;2.54;2.53;2.54;2.53;185733;0
07.04.2026;11:00;2.53;2.54;2.53;2.54;2.53;5734815;0
07.04.2026;11:01;2.54;2.54;2.53;2.54;2.53;64924;0
07.04.2026;11:02;2.54;2.54;2.53;2.53;2.53;6076;0
07.04.2026;11:03;2.54;2.54;2.53;2.54;2.53;26067;0
07.04.2026;11:04;2.54;2.54;2.53;2.53;2.53;561518;0
07.04.2026;11:05;2.54;2.54;2.53;2.53;2.53;26568;0
07.04.2026;11:06;2.53;2.54;2.53;2.53;2.53;373938;0
07.04.2026;11:07;2.54;2.54;2.53;2.53;2.53;92550;0
07.04.2026;11:08;2.54;2.54;2.53;2.54;2.53;463096;0
07.04.2026;11:09;2.53;2.54;2.53;2.54;2.53;1014;0
07.04.2026;11:10;2.53;2.54;2.53;2.54;2.53;127008;0
07.04.2026;11:11;2.53;2.54;2.53;2.54;2.53;163192;0
07.04.2026;11:12;2.54;2.54;2.54;2.54;2.54;1016;0
07.04.2026;11:13;2.54;2.54;2.53;2.53;2.53;2700662;0
07.04.2026;11:14;2.54;2.54;2.53;2.54;2.53;2018761;0
07.04.2026;11:15;2.54;2.54;2.53;2.54;2.53;2439511;0
07.04.2026;11:16;2.54;2.54;2.53;2.54;2.53;55415;0
07.04.2026;11:17;2.54;2.54;2.54;2.54;2.54;508;0
07.04.2026;11:18;2.54;2.54;2.54;2.54;2.54;63754;0
07.04.2026;11:19;2.53;2.54;2.53;2.54;2.53;182865;0
07.04.2026;11:20;2.53;2.54;2.53;2.54;2.53;66339;0
07.04.2026;11:22;2.53;2.54;2.53;2.54;2.53;413258;0
07.04.2026;11:23;2.54;2.54;2.54;2.54;2.54;1524;0
07.04.2026;11:24;2.54;2.54;2.53;2.54;2.53;296411;0
07.04.2026;11:25;2.54;2.54;2.53;2.54;2.53;186819;0
07.04.2026;11:26;2.54;2.54;2.53;2.54;2.53;152060;0
07.04.2026;11:27;2.54;2.54;2.53;2.53;2.53;3167244;0
07.04.2026;11:28;2.53;2.54;2.53;2.53;2.53;79190;0
07.04.2026;11:29;2.53;2.53;2.53;2.53;2.53;36685;0
07.04.2026;11:30;2.54;2.54;2.53;2.53;2.53;101300;0
07.04.2026;11:31;2.53;2.53;2.52;2.53;2.52;18674522;0
07.04.2026;11:32;2.52;2.53;2.52;2.52;2.52;674201;0
07.04.2026;11:33;2.52;2.52;2.52;2.52;2.52;957600;0
07.04.2026;11:34;2.53;2.53;2.52;2.53;2.52;106313;0
07.04.2026;11:35;2.52;2.53;2.52;2.52;2.52;606002;0
07.04.2026;11:36;2.53;2.53;2.52;2.52;2.52;536809;0
07.04.2026;11:37;2.52;2.53;2.52;2.52;2.52;468820;0
07.04.2026;11:38;2.52;2.52;2.52;2.52;2.52;5596920;0
07.04.2026;11:40;2.52;2.53;2.52;2.52;2.52;387626;0
07.04.2026;11:41;2.53;2.53;2.52;2.53;2.52;439096;0
07.04.2026;11:42;2.52;2.53;2.52;2.52;2.52;400024;0
07.04.2026;11:43;2.53;2.53;2.52;2.52;2.52;8168832;0
07.04.2026;11:44;2.53;2.53;2.52;2.52;2.52;209260;0
07.04.2026;11:45;2.53;2.53;2.52;2.52;2.52;1411700;0
07.04.2026;11:46;2.52;2.52;2.52;2.52;2.52;3459456;0
07.04.2026;11:47;2.53;2.53;2.52;2.52;2.52;1280222;0
07.04.2026;11:48;2.52;2.52;2.52;2.52;2.52;425880;0
07.04.2026;11:49;2.52;2.52;2.52;2.52;2.52;25452;0
07.04.2026;11:50;2.53;2.53;2.53;2.53;2.53;78430;0
07.04.2026;11:55;2.53;2.53;2.53;2.53;2.53;22770;0
07.04.2026;11:56;2.52;2.53;2.52;2.53;2.52;113702;0
07.04.2026;11:57;2.53;2.53;2.52;2.52;2.52;3315873;0
07.04.2026;11:58;2.53;2.53;2.53;2.53;2.53;253;0
07.04.2026;12:00;2.53;2.53;2.53;2.53;2.53;303600;0
07.04.2026;12:01;2.53;2.53;2.53;2.53;2.53;7590;0
07.04.2026;12:02;2.53;2.53;2.53;2.53;2.53;562166;0
07.04.2026;12:03;2.53;2.53;2.53;2.53;2.53;55660;0
07.04.2026;12:05;2.53;2.53;2.52;2.52;2.52;3024253;0
07.04.2026;12:06;2.53;2.53;2.52;2.52;2.52;16887;0
07.04.2026;12:09;2.53;2.53;2.53;2.53;2.53;2530;0
07.04.2026;12:10;2.52;2.53;2.52;2.53;2.52;1386253;0
07.04.2026;12:11;2.52;2.53;2.52;2.53;2.52;33639;0
07.04.2026;12:13;2.53;2.53;2.53;2.53;2.53;39215;0
07.04.2026;12:14;2.52;2.52;2.52;2.52;2.52;18396;0
07.04.2026;12:15;2.53;2.53;2.53;2.53;2.53;506;0
07.04.2026;12:16;2.53;2.53;2.53;2.53;2.53;675510;0
07.04.2026;12:17;2.53;2.53;2.53;2.53;2.53;2783;0
07.04.2026;12:18;2.52;2.53;2.52;2.53;2.52;126752;0
07.04.2026;12:19;2.53;2.53;2.53;2.53;2.53;253;0
07.04.2026;12:20;2.52;2.52;2.52;2.52;2.52;3780000;0
07.04.2026;12:21;2.52;2.53;2.52;2.53;2.52;7545638;0
07.04.2026;12:22;2.53;2.53;2.53;2.53;2.53;2783;0
07.04.2026;12:23;2.53;2.53;2.53;2.53;2.53;1518;0
07.04.2026;12:24;2.52;2.53;2.52;2.53;2.52;6553;0
07.04.2026;12:25;2.53;2.53;2.52;2.53;2.52;3831412;0
07.04.2026;12:26;2.53;2.53;2.53;2.53;2.53;506;0
07.04.2026;12:27;2.52;2.52;2.52;2.52;2.52;25704;0
07.04.2026;12:28;2.53;2.53;2.53;2.53;2.53;253;0
07.04.2026;12:30;2.53;2.53;2.52;2.53;2.52;1949163;0
07.04.2026;12:33;2.53;2.53;2.53;2.53;2.53;50600;0
07.04.2026;12:36;2.53;2.53;2.52;2.52;2.52;62497;0
07.04.2026;12:37;2.53;2.53;2.51;2.52;2.52;5350412;0
07.04.2026;12:38;2.52;2.52;2.51;2.51;2.51;460534;0
07.04.2026;12:39;2.52;2.52;2.51;2.52;2.51;359537;0
07.04.2026;12:41;2.51;2.51;2.51;2.51;2.51;888540;0
07.04.2026;12:42;2.51;2.52;2.51;2.52;2.51;6239812;0
07.04.2026;12:43;2.52;2.52;2.52;2.52;2.52;63000;0
07.04.2026;12:44;2.52;2.52;2.52;2.52;2.52;13136004;0
07.04.2026;12:45;2.53;2.53;2.53;2.53;2.53;2530;0
07.04.2026;12:46;2.52;2.52;2.52;2.52;2.52;29754396;0
07.04.2026;12:47;2.51;2.52;2.51;2.52;2.51;216160;0
07.04.2026;12:48;2.51;2.52;2.51;2.51;2.51;106710;0
07.04.2026;12:49;2.52;2.52;2.51;2.51;2.51;56340;0
07.04.2026;12:50;2.52;2.52;2.52;2.52;2.52;63000;0
07.04.2026;12:51;2.51;2.51;2.51;2.51;2.51;144074;0
07.04.2026;12:52;2.51;2.51;2.51;2.51;2.51;74798;0
07.04.2026;12:53;2.51;2.51;2.50;2.51;2.50;12053857;0
07.04.2026;12:54;2.51;2.51;2.50;2.51;2.50;3798007;0
07.04.2026;12:55;2.50;2.51;2.50;2.51;2.50;458010;0
07.04.2026;12:56;2.50;2.51;2.50;2.51;2.50;173691;0
07.04.2026;12:57;2.51;2.51;2.51;2.51;2.51;10366551;0
07.04.2026;12:58;2.50;2.51;2.50;2.51;2.50;2816622;0
07.04.2026;12:59;2.51;2.52;2.51;2.51;2.51;503419;0
07.04.2026;13:00;2.52;2.52;2.51;2.51;2.51;544584;0
07.04.2026;13:01;2.51;2.51;2.51;2.51;2.51;2522550;0
07.04.2026;13:02;2.52;2.52;2.51;2.52;2.51;6222349;0
07.04.2026;13:03;2.51;2.51;2.51;2.51;2.51;228661;0
07.04.2026;13:04;2.51;2.51;2.50;2.50;2.50;709901;0
07.04.2026;13:05;2.50;2.51;2.50;2.50;2.50;755458;0
07.04.2026;13:06;2.51;2.51;2.51;2.51;2.51;251;0
07.04.2026;13:07;2.51;2.51;2.50;2.50;2.50;26103;0
07.04.2026;13:09;2.50;2.51;2.50;2.51;2.50;22751;0
07.04.2026;13:10;2.50;2.51;2.50;2.51;2.50;119001;0
07.04.2026;13:11;2.51;2.51;2.51;2.51;2.51;1004;0
07.04.2026;13:12;2.51;2.51;2.51;2.51;2.51;20582;0
07.04.2026;13:13;2.51;2.51;2.49;2.50;2.50;23002186;0
07.04.2026;13:14;2.51;2.51;2.49;2.50;2.50;5495773;0
07.04.2026;13:15;2.50;2.51;2.50;2.51;2.50;11347173;0
07.04.2026;13:16;2.51;2.51;2.51;2.51;2.51;144325;0
07.04.2026;13:17;2.50;2.51;2.50;2.51;2.50;1876778;0
07.04.2026;13:18;2.50;2.51;2.50;2.51;2.50;30772;0
07.04.2026;13:19;2.51;2.51;2.50;2.50;2.50;713144;0
07.04.2026;13:20;2.51;2.51;2.50;2.51;2.50;631821;0
07.04.2026;13:21;2.50;2.50;2.50;2.50;2.50;27000;0
07.04.2026;13:22;2.50;2.50;2.50;2.50;2.50;50000;0
07.04.2026;13:23;2.50;2.50;2.50;2.50;2.50;12500;0
07.04.2026;13:24;2.51;2.51;2.51;2.51;2.51;753;0
07.04.2026;13:25;2.51;2.51;2.51;2.51;2.51;40913;0
07.04.2026;13:27;2.51;2.51;2.51;2.51;2.51;251;0
07.04.2026;13:28;2.51;2.51;2.50;2.51;2.50;62700;0
07.04.2026;13:29;2.51;2.51;2.51;2.51;2.51;25602;0
07.04.2026;13:30;2.50;2.51;2.50;2.51;2.50;3111252;0
07.04.2026;13:31;2.50;2.51;2.50;2.51;2.50;3686752;0
07.04.2026;13:32;2.50;2.51;2.49;2.49;2.50;7934232;0
07.04.2026;13:33;2.49;2.50;2.49;2.50;2.50;2754970;0
07.04.2026;13:34;2.50;2.51;2.50;2.50;2.50;6216800;0
07.04.2026;13:35;2.50;2.51;2.50;2.51;2.50;279110;0
07.04.2026;13:36;2.50;2.51;2.50;2.50;2.50;1263800;0
07.04.2026;13:37;2.50;2.50;2.50;2.50;2.50;501000;0
07.04.2026;13:38;2.50;2.50;2.50;2.50;2.50;250;0
07.04.2026;13:39;2.51;2.51;2.50;2.50;2.50;1001;0
07.04.2026;13:40;2.50;2.51;2.50;2.51;2.50;18800;0
07.04.2026;13:41;2.50;2.51;2.50;2.51;2.50;139305;0
07.04.2026;13:42;2.50;2.51;2.50;2.51;2.50;31372;0
07.04.2026;13:43;2.50;2.50;2.50;2.50;2.50;638750;0
07.04.2026;13:44;2.50;2.50;2.49;2.50;2.50;8534695;0
07.04.2026;13:45;2.49;2.50;2.49;2.50;2.50;930069;0
07.04.2026;13:46;2.49;2.50;2.49;2.50;2.50;29249;0
07.04.2026;13:47;2.49;2.50;2.49;2.50;2.50;34885;0
07.04.2026;13:48;2.50;2.50;2.50;2.50;2.50;123500;0
07.04.2026;13:49;2.49;2.49;2.49;2.49;2.49;2010675;0
07.04.2026;13:50;2.50;2.50;2.49;2.49;2.50;1227380;0
07.04.2026;13:51;2.49;2.50;2.49;2.50;2.50;102989;0
07.04.2026;13:52;2.49;2.49;2.49;2.49;2.49;13197;0
07.04.2026;13:53;2.49;2.50;2.49;2.50;2.50;10729;0
07.04.2026;13:54;2.49;2.49;2.49;2.49;2.49;3486;0
07.04.2026;13:55;2.50;2.50;2.49;2.49;2.50;126494;0
07.04.2026;13:56;2.49;2.50;2.49;2.50;2.50;1123690;0
07.04.2026;13:57;2.49;2.50;2.49;2.50;2.50;1022447;0
07.04.2026;13:58;2.49;2.50;2.49;2.49;2.50;143003;0
07.04.2026;13:59;2.50;2.50;2.49;2.50;2.50;1248;0
07.04.2026;14:00;2.50;2.50;2.49;2.50;2.50;266085;0
07.04.2026;14:01;2.50;2.50;2.49;2.50;2.50;115447;0
07.04.2026;14:02;2.49;2.49;2.49;2.49;2.49;894159;0
07.04.2026;14:03;2.49;2.49;2.49;2.49;2.49;375243;0
07.04.2026;14:04;2.49;2.50;2.48;2.48;2.49;25638924;0
07.04.2026;14:05;2.48;2.49;2.48;2.49;2.49;938223;0
07.04.2026;14:06;2.48;2.49;2.48;2.49;2.49;382439;0
07.04.2026;14:07;2.49;2.49;2.48;2.48;2.49;442185;0
07.04.2026;14:08;2.48;2.49;2.48;2.48;2.49;270573;0
07.04.2026;14:09;2.49;2.49;2.48;2.48;2.49;1264890;0
07.04.2026;14:10;2.48;2.49;2.48;2.49;2.49;191258;0
07.04.2026;14:11;2.49;2.49;2.48;2.49;2.49;1202701;0
07.04.2026;14:12;2.48;2.48;2.48;2.48;2.48;520056;0
07.04.2026;14:13;2.48;2.49;2.48;2.49;2.49;595531;0
07.04.2026;14:14;2.49;2.49;2.49;2.49;2.49;21165;0
07.04.2026;14:15;2.48;2.49;2.48;2.48;2.49;364070;0
07.04.2026;14:16;2.48;2.49;2.48;2.48;2.49;383149;0
07.04.2026;14:17;2.49;2.49;2.48;2.48;2.49;353905;0
07.04.2026;14:18;2.48;2.50;2.48;2.49;2.49;5211997;0
07.04.2026;14:19;2.49;2.50;2.49;2.49;2.50;341380;0
07.04.2026;14:20;2.50;2.50;2.49;2.50;2.50;8451721;0
07.04.2026;14:21;2.49;2.49;2.49;2.49;2.49;690228;0
07.04.2026;14:22;2.49;2.49;2.49;2.49;2.49;7607946;0
07.04.2026;14:23;2.49;2.49;2.48;2.48;2.49;687780;0
07.04.2026;14:24;2.48;2.50;2.48;2.49;2.49;3612270;0
07.04.2026;14:25;2.49;2.49;2.48;2.48;2.49;18052688;0
07.04.2026;14:26;2.48;2.49;2.48;2.48;2.49;1839916;0
07.04.2026;14:27;2.49;2.49;2.48;2.48;2.49;1089467;0
07.04.2026;14:28;2.48;2.49;2.48;2.49;2.49;1515750;0
07.04.2026;14:29;2.48;2.49;2.48;2.48;2.49;932982;0
07.04.2026;14:30;2.48;2.49;2.48;2.48;2.49;240315;0
07.04.2026;14:31;2.49;2.49;2.48;2.48;2.49;61859;0
07.04.2026;14:32;2.49;2.49;2.48;2.49;2.49;918104;0
07.04.2026;14:33;2.49;2.50;2.49;2.50;2.50;21346862;0
07.04.2026;14:34;2.50;2.52;2.50;2.51;2.51;10834460;0
07.04.2026;14:35;2.51;2.52;2.50;2.50;2.51;5444624;0
07.04.2026;14:36;2.50;2.50;2.50;2.50;2.50;677250;0
07.04.2026;14:37;2.50;2.51;2.50;2.50;2.50;1454646;0
07.04.2026;14:38;2.50;2.51;2.50;2.50;2.50;315750;0
07.04.2026;14:39;2.50;2.51;2.50;2.50;2.50;210500;0
07.04.2026;14:40;2.51;2.51;2.50;2.50;2.50;27350;0
07.04.2026;14:41;2.50;2.51;2.50;2.50;2.50;26751;0
07.04.2026;14:42;2.50;2.51;2.50;2.50;2.50;127250;0
07.04.2026;14:43;2.50;2.51;2.50;2.50;2.50;136014;0
07.04.2026;14:44;2.51;2.51;2.50;2.50;2.50;27014;0
07.04.2026;14:45;2.50;2.51;2.50;2.50;2.50;3004;0
07.04.2026;14:46;2.50;2.50;2.50;2.50;2.50;1000;0
07.04.2026;14:47;2.50;2.51;2.50;2.50;2.50;3505;0
07.04.2026;14:48;2.51;2.51;2.50;2.50;2.50;5515;0
07.04.2026;14:49;2.50;2.51;2.50;2.50;2.50;2128905;0
07.04.2026;14:50;2.50;2.50;2.50;2.50;2.50;1750;0
07.04.2026;14:51;2.51;2.51;2.50;2.50;2.50;29258;0
07.04.2026;14:52;2.51;2.51;2.50;2.50;2.50;427250;0
07.04.2026;14:53;2.51;2.51;2.50;2.51;2.50;197274;0
07.04.2026;14:54;2.50;2.51;2.50;2.51;2.50;586500;0
07.04.2026;14:55;2.50;2.51;2.50;2.51;2.50;878450;0
07.04.2026;14:56;2.50;2.50;2.50;2.50;2.50;414500;0
07.04.2026;14:57;2.50;2.50;2.50;2.50;2.50;255750;0
07.04.2026;14:58;2.50;2.51;2.50;2.51;2.50;250251;0
07.04.2026;15:00;2.51;2.51;2.50;2.50;2.50;3511;0
07.04.2026;15:01;2.50;2.50;2.50;2.50;2.50;250;0
07.04.2026;15:02;2.51;2.51;2.51;2.51;2.51;2510;0
07.04.2026;15:03;2.50;2.50;2.50;2.50;2.50;374000;0
07.04.2026;15:04;2.50;2.51;2.50;2.50;2.50;722600;0
07.04.2026;15:05;2.50;2.50;2.50;2.50;2.50;399000;0
07.04.2026;15:06;2.50;2.50;2.50;2.50;2.50;746250;0
07.04.2026;15:07;2.50;2.50;2.50;2.50;2.50;220500;0
07.04.2026;15:08;2.50;2.50;2.50;2.50;2.50;70500;0
07.04.2026;15:09;2.51;2.51;2.51;2.51;2.51;93372;0
07.04.2026;15:10;2.50;2.50;2.50;2.50;2.50;131250;0
07.04.2026;15:11;2.50;2.50;2.50;2.50;2.50;501000;0
07.04.2026;15:12;2.50;2.50;2.50;2.50;2.50;1574750;0
07.04.2026;15:13;2.50;2.50;2.49;2.50;2.50;6903972;0
07.04.2026;15:14;2.50;2.51;2.50;2.50;2.50;842751;0
07.04.2026;15:15;2.50;2.50;2.49;2.50;2.50;10099512;0
07.04.2026;15:16;2.50;2.50;2.49;2.50;2.50;588050;0
07.04.2026;15:17;2.50;2.50;2.49;2.49;2.50;8480;0
07.04.2026;15:18;2.49;2.49;2.49;2.49;2.49;2490000;0
07.04.2026;15:19;2.49;2.49;2.49;2.49;2.49;267177;0
07.04.2026;15:20;2.49;2.49;2.49;2.49;2.49;1220100;0
07.04.2026;15:21;2.49;2.50;2.49;2.49;2.50;1700924;0
07.04.2026;15:22;2.49;2.49;2.48;2.48;2.49;2866489;0
07.04.2026;15:23;2.48;2.48;2.48;2.48;2.48;233864;0
07.04.2026;15:24;2.48;2.49;2.48;2.48;2.49;3187125;0
07.04.2026;15:25;2.48;2.48;2.48;2.48;2.48;2735688;0
07.04.2026;15:26;2.48;2.49;2.48;2.49;2.49;129460;0
07.04.2026;15:27;2.49;2.49;2.48;2.48;2.49;123958;0
07.04.2026;15:28;2.48;2.49;2.48;2.49;2.49;305287;0
07.04.2026;15:29;2.48;2.49;2.48;2.48;2.49;210923;0
07.04.2026;15:30;2.48;2.49;2.48;2.49;2.49;236856;0
07.04.2026;15:31;2.48;2.48;2.48;2.48;2.48;2480;0
07.04.2026;15:32;2.49;2.49;2.49;2.49;2.49;224100;0
07.04.2026;15:33;2.49;2.49;2.48;2.48;2.49;494321;0
07.04.2026;15:34;2.49;2.49;2.48;2.48;2.49;566924;0
07.04.2026;15:35;2.48;2.49;2.48;2.49;2.49;380534;0
07.04.2026;15:36;2.49;2.49;2.49;2.49;2.49;48306;0
07.04.2026;15:37;2.49;2.49;2.48;2.49;2.49;466321;0
07.04.2026;15:39;2.49;2.49;2.49;2.49;2.49;100596;0
07.04.2026;15:40;2.49;2.49;2.49;2.49;2.49;50547;0
07.04.2026;15:41;2.48;2.48;2.48;2.48;2.48;258416;0
07.04.2026;15:42;2.49;2.49;2.49;2.49;2.49;13197;0
07.04.2026;15:43;2.49;2.49;2.49;2.49;2.49;210405;0
07.04.2026;15:44;2.48;2.49;2.48;2.49;2.49;569977;0
07.04.2026;15:45;2.49;2.49;2.49;2.49;2.49;342624;0
07.04.2026;15:46;2.48;2.49;2.48;2.49;2.49;481619;0
07.04.2026;15:47;2.49;2.49;2.49;2.49;2.49;103335;0
07.04.2026;15:48;2.48;2.49;2.48;2.49;2.49;633946;0
07.04.2026;15:49;2.49;2.49;2.49;2.49;2.49;85656;0
07.04.2026;15:50;2.48;2.50;2.48;2.49;2.49;9015718;0
07.04.2026;15:51;2.50;2.50;2.50;2.50;2.50;338750;0
07.04.2026;15:52;2.50;2.50;2.50;2.50;2.50;103500;0
07.04.2026;15:53;2.50;2.50;2.49;2.50;2.50;202983;0
07.04.2026;15:54;2.49;2.50;2.49;2.50;2.50;109950;0
07.04.2026;15:55;2.50;2.50;2.49;2.50;2.50;1966150;0
07.04.2026;15:56;2.49;2.50;2.49;2.50;2.50;1075941;0
07.04.2026;15:57;2.50;2.50;2.49;2.49;2.50;224300;0
07.04.2026;15:58;2.50;2.50;2.49;2.50;2.50;163696;0
07.04.2026;15:59;2.50;2.50;2.49;2.50;2.50;1232608;0
07.04.2026;16:00;2.50;2.50;2.49;2.50;2.50;1480995;0
07.04.2026;16:01;2.50;2.50;2.49;2.49;2.50;1800773;0
07.04.2026;16:02;2.49;2.49;2.48;2.49;2.49;10089693;0
07.04.2026;16:03;2.48;2.49;2.48;2.48;2.49;2677516;0
07.04.2026;16:04;2.49;2.49;2.48;2.49;2.49;129962;0
07.04.2026;16:06;2.48;2.49;2.48;2.49;2.49;162392;0
07.04.2026;16:07;2.48;2.49;2.48;2.48;2.49;538968;0
07.04.2026;16:08;2.48;2.48;2.48;2.48;2.48;130944;0
07.04.2026;16:10;2.49;2.49;2.49;2.49;2.49;6225;0
07.04.2026;16:11;2.49;2.49;2.48;2.48;2.49;187744;0
07.04.2026;16:12;2.49;2.49;2.49;2.49;2.49;4980;0
07.04.2026;16:13;2.49;2.49;2.48;2.48;2.49;19642852;0
07.04.2026;16:15;2.49;2.49;2.48;2.48;2.49;184562;0
07.04.2026;16:16;2.48;2.48;2.47;2.48;2.48;6853910;0
07.04.2026;16:17;2.48;2.48;2.47;2.48;2.48;173448;0
07.04.2026;16:18;2.48;2.48;2.47;2.47;2.48;314112;0
07.04.2026;16:19;2.47;2.47;2.47;2.47;2.47;509314;0
07.04.2026;16:20;2.47;2.48;2.47;2.48;2.48;913486;0
07.04.2026;16:21;2.47;2.48;2.47;2.47;2.48;223086;0
07.04.2026;16:22;2.47;2.47;2.47;2.47;2.47;99541;0
07.04.2026;16:23;2.47;2.48;2.47;2.47;2.48;154642;0
07.04.2026;16:24;2.48;2.48;2.47;2.47;2.48;146671;0
07.04.2026;16:25;2.47;2.48;2.47;2.48;2.48;818828;0
07.04.2026;16:26;2.47;2.47;2.47;2.47;2.47;103740;0
07.04.2026;16:27;2.47;2.48;2.47;2.47;2.48;188956;0
07.04.2026;16:28;2.47;2.47;2.47;2.47;2.47;57057;0
07.04.2026;16:29;2.48;2.48;2.48;2.48;2.48;7746776;0
07.04.2026;16:30;2.48;2.48;2.48;2.48;2.48;14880;0
07.04.2026;16:31;2.48;2.48;2.48;2.48;2.48;272056;0
07.04.2026;16:32;2.48;2.48;2.48;2.48;2.48;266104;0
07.04.2026;16:33;2.48;2.49;2.48;2.49;2.49;600412;0
07.04.2026;16:34;2.49;2.49;2.48;2.48;2.49;132933;0
07.04.2026;16:36;2.48;2.48;2.48;2.48;2.48;9818320;0
07.04.2026;16:37;2.48;2.48;2.48;2.48;2.48;248;0
07.04.2026;16:38;2.48;2.48;2.47;2.48;2.48;782007;0
07.04.2026;16:39;2.47;2.48;2.47;2.47;2.48;2577585;0
07.04.2026;16:40;2.48;2.48;2.47;2.47;2.48;232923;0
07.04.2026;16:41;2.47;2.48;2.47;2.48;2.48;3753556;0
07.04.2026;16:42;2.47;2.48;2.47;2.48;2.48;871171;0
07.04.2026;16:43;2.47;2.48;2.47;2.47;2.48;112160;0
07.04.2026;16:44;2.48;2.48;2.47;2.47;2.48;745055;0
07.04.2026;16:45;2.47;2.48;2.47;2.47;2.48;895382;0
07.04.2026;16:46;2.47;2.48;2.47;2.47;2.48;1465702;0
07.04.2026;16:47;2.47;2.48;2.47;2.48;2.48;3775251;0
07.04.2026;16:49;2.48;2.48;2.47;2.47;2.48;142769;0
07.04.2026;16:50;2.47;2.48;2.47;2.48;2.48;2969078;0
07.04.2026;16:51;2.48;2.48;2.47;2.48;2.48;124513;0
07.04.2026;16:52;2.47;2.48;2.47;2.48;2.48;929958;0
07.04.2026;16:53;2.47;2.48;2.47;2.48;2.48;1138922;0
07.04.2026;16:54;2.47;2.48;2.47;2.48;2.48;3612393;0
07.04.2026;16:55;2.48;2.48;2.47;2.47;2.48;1906322;0
07.04.2026;16:56;2.48;2.48;2.48;2.48;2.48;9588672;0
07.04.2026;16:57;2.48;2.49;2.48;2.48;2.49;315705;0
07.04.2026;16:58;2.49;2.49;2.48;2.48;2.49;25148;0
07.04.2026;16:59;2.48;2.49;2.48;2.49;2.49;83138;0
07.04.2026;17:00;2.49;2.49;2.49;2.49;2.49;32868;0
07.04.2026;17:01;2.48;2.49;2.48;2.48;2.49;323399;0
07.04.2026;17:02;2.48;2.49;2.48;2.49;2.49;9766879;0
07.04.2026;17:03;2.49;2.50;2.48;2.50;2.49;10245210;0
07.04.2026;17:04;2.50;2.51;2.50;2.50;2.50;13267260;0
07.04.2026;17:05;2.50;2.51;2.50;2.50;2.50;2719000;0
07.04.2026;17:06;2.50;2.50;2.49;2.50;2.50;3376997;0
07.04.2026;17:07;2.50;2.50;2.49;2.50;2.50;961521;0
07.04.2026;17:08;2.50;2.50;2.49;2.49;2.50;579131;0
07.04.2026;17:09;2.49;2.50;2.49;2.50;2.50;4917659;0
07.04.2026;17:10;2.49;2.50;2.49;2.50;2.50;201393;0
07.04.2026;17:11;2.50;2.50;2.49;2.50;2.50;5848058;0
07.04.2026;17:12;2.50;2.51;2.50;2.51;2.50;7136554;0
07.04.2026;17:13;2.51;2.51;2.50;2.50;2.50;301788;0
07.04.2026;17:14;2.51;2.51;2.49;2.51;2.50;30840076;0
07.04.2026;17:15;2.51;2.51;2.50;2.51;2.50;5962134;0
07.04.2026;17:16;2.50;2.51;2.50;2.50;2.50;3169770;0
07.04.2026;17:17;2.51;2.51;2.51;2.51;2.51;502;0
07.04.2026;17:18;2.50;2.51;2.50;2.51;2.50;790810;0
07.04.2026;17:19;2.51;2.51;2.51;2.51;2.51;1506;0
07.04.2026;17:20;2.51;2.51;2.51;2.51;2.51;502;0
07.04.2026;17:21;2.50;2.51;2.50;2.51;2.50;94020;0
07.04.2026;17:22;2.51;2.51;2.50;2.50;2.50;112252;0
07.04.2026;17:23;2.51;2.51;2.50;2.50;2.50;15550;0
07.04.2026;17:24;2.50;2.51;2.50;2.51;2.50;71710;0
07.04.2026;17:25;2.51;2.51;2.50;2.50;2.50;1065755;0
07.04.2026;17:26;2.51;2.51;2.51;2.51;2.51;110440;0
07.04.2026;17:27;2.51;2.51;2.50;2.51;2.50;327986;0
07.04.2026;17:28;2.51;2.51;2.50;2.50;2.50;323064;0
07.04.2026;17:29;2.51;2.51;2.50;2.50;2.50;169250;0
07.04.2026;17:30;2.50;2.51;2.50;2.51;2.50;806095;0
07.04.2026;17:31;2.50;2.51;2.50;2.51;2.50;123771;0
07.04.2026;17:32;2.50;2.50;2.50;2.50;2.50;3773750;0
07.04.2026;17:33;2.51;2.51;2.50;2.51;2.50;331369;0
07.04.2026;17:34;2.51;2.51;2.50;2.50;2.50;686010;0
07.04.2026;17:35;2.51;2.51;2.50;2.50;2.50;406008;0
07.04.2026;17:36;2.50;2.50;2.50;2.50;2.50;2500;0
07.04.2026;17:37;2.50;2.50;2.50;2.50;2.50;480250;0
07.04.2026;17:38;2.51;2.51;2.51;2.51;2.51;3012000;0
07.04.2026;17:39;2.50;2.50;2.50;2.50;2.50;176500;0
07.04.2026;17:40;2.50;2.51;2.50;2.51;2.50;385200;0
07.04.2026;17:41;2.50;2.50;2.50;2.50;2.50;199750;0
07.04.2026;17:42;2.50;2.51;2.50;2.50;2.50;55019;0
07.04.2026;17:43;2.50;2.51;2.50;2.51;2.50;3010;0
07.04.2026;17:44;2.51;2.51;2.50;2.50;2.50;43515;0
07.04.2026;17:47;2.50;2.51;2.50;2.51;2.50;8520;0
07.04.2026;17:48;2.51;2.51;2.50;2.50;2.50;252950;0
07.04.2026;17:49;2.50;2.51;2.50;2.51;2.50;1578000;0
07.04.2026;17:50;2.50;2.50;2.50;2.50;2.50;1069500;0
07.04.2026;17:51;2.50;2.51;2.50;2.51;2.50;640000;0
07.04.2026;17:52;2.50;2.50;2.50;2.50;2.50;442000;0
07.04.2026;17:53;2.50;2.50;2.50;2.50;2.50;500;0
07.04.2026;17:54;2.50;2.50;2.50;2.50;2.50;581250;0
07.04.2026;17:55;2.50;2.51;2.50;2.50;2.50;1079250;0
07.04.2026;17:56;2.50;2.50;2.49;2.49;2.50;18308606;0
07.04.2026;17:57;2.50;2.50;2.50;2.50;2.50;3659500;0
07.04.2026;17:58;2.50;2.50;2.50;2.50;2.50;5367500;0
07.04.2026;17:59;2.50;2.50;2.50;2.50;2.50;5250;0
07.04.2026;18:00;2.51;2.51;2.50;2.50;2.50;250000;0
07.04.2026;18:01;2.50;2.50;2.50;2.50;2.50;3750000;0
07.04.2026;18:02;2.50;2.51;2.50;2.50;2.50;9250004;0
07.04.2026;18:03;2.50;2.50;2.48;2.49;2.49;33217856;0
07.04.2026;18:04;2.49;2.49;2.48;2.48;2.49;36411856;0
07.04.2026;18:05;2.48;2.49;2.48;2.49;2.49;18347784;0
07.04.2026;18:06;2.48;2.48;2.48;2.48;2.48;233120;0
07.04.2026;18:07;2.48;2.49;2.48;2.49;2.49;3780029;0
07.04.2026;18:08;2.49;2.49;2.48;2.49;2.49;657848;0
07.04.2026;18:09;2.49;2.49;2.48;2.49;2.49;129954;0
07.04.2026;18:10;2.48;2.49;2.48;2.48;2.49;1126779;0
07.04.2026;18:11;2.49;2.49;2.48;2.49;2.49;556117;0
07.04.2026;18:12;2.49;2.49;2.48;2.49;2.49;68710;0
07.04.2026;18:13;2.49;2.49;2.49;2.49;2.49;249;0
07.04.2026;18:14;2.49;2.49;2.48;2.49;2.49;12614465;0
08.04.2026;09:30;2.55;2.55;2.55;2.55;2.55;1347165;0
08.04.2026;09:35;2.56;2.57;2.55;2.56;2.56;12790198;0
08.04.2026;09:36;2.56;2.57;2.56;2.57;2.56;13316588;0
08.04.2026;09:37;2.57;2.57;2.56;2.57;2.56;14283748;0
08.04.2026;09:38;2.57;2.57;2.55;2.56;2.56;5780191;0
08.04.2026;09:39;2.56;2.56;2.55;2.56;2.55;14831543;0
08.04.2026;09:40;2.55;2.56;2.55;2.55;2.55;3340570;0
08.04.2026;09:41;2.56;2.56;2.55;2.56;2.55;6769914;0
08.04.2026;09:42;2.56;2.56;2.55;2.56;2.55;4167041;0
08.04.2026;09:43;2.56;2.56;2.54;2.55;2.55;9996172;0
08.04.2026;09:44;2.55;2.55;2.54;2.55;2.54;2378922;0
08.04.2026;09:45;2.55;2.55;2.54;2.54;2.54;8209104;0
08.04.2026;09:46;2.54;2.55;2.53;2.54;2.54;6950356;0
08.04.2026;09:47;2.54;2.54;2.53;2.53;2.53;11995749;0
08.04.2026;09:48;2.53;2.53;2.52;2.53;2.52;3320144;0
08.04.2026;09:49;2.53;2.53;2.52;2.53;2.52;2756988;0
08.04.2026;09:50;2.53;2.53;2.52;2.53;2.52;4529458;0
08.04.2026;09:51;2.53;2.53;2.53;2.53;2.53;3788675;0
08.04.2026;09:52;2.53;2.53;2.52;2.53;2.52;1126112;0
08.04.2026;09:53;2.53;2.53;2.52;2.53;2.52;3357080;0
08.04.2026;09:54;2.53;2.54;2.53;2.54;2.53;19415138;0
08.04.2026;09:55;2.53;2.54;2.53;2.54;2.53;543649;0
08.04.2026;09:56;2.54;2.54;2.53;2.54;2.53;5488430;0
08.04.2026;09:57;2.54;2.54;2.53;2.54;2.53;540255;0
08.04.2026;09:58;2.54;2.54;2.53;2.54;2.53;1181568;0
08.04.2026;09:59;2.54;2.54;2.53;2.54;2.53;23558752;0
08.04.2026;10:00;2.55;2.55;2.54;2.55;2.54;743075;0
08.04.2026;10:01;2.55;2.55;2.54;2.55;2.54;2396555;0
08.04.2026;10:02;2.55;2.55;2.55;2.55;2.55;812940;0
08.04.2026;10:03;2.55;2.55;2.54;2.55;2.54;2156660;0
08.04.2026;10:04;2.54;2.55;2.54;2.55;2.54;189719;0
08.04.2026;10:05;2.55;2.56;2.54;2.56;2.55;83044480;0
08.04.2026;10:06;2.56;2.58;2.56;2.58;2.57;51406276;0
08.04.2026;10:07;2.58;2.58;2.56;2.57;2.57;17862450;0
08.04.2026;10:08;2.57;2.57;2.56;2.56;2.56;12119030;0
08.04.2026;10:09;2.57;2.57;2.56;2.56;2.56;4082330;0
08.04.2026;10:10;2.57;2.57;2.56;2.56;2.56;1750080;0
08.04.2026;10:11;2.56;2.57;2.56;2.56;2.56;25272146;0
08.04.2026;10:12;2.56;2.57;2.55;2.56;2.56;6843817;0
08.04.2026;10:13;2.55;2.56;2.54;2.55;2.55;48734760;0
08.04.2026;10:14;2.55;2.56;2.55;2.56;2.55;18433948;0
08.04.2026;10:15;2.55;2.56;2.54;2.56;2.55;18590458;0
08.04.2026;10:16;2.56;2.56;2.55;2.56;2.55;13683811;0
08.04.2026;10:17;2.55;2.56;2.55;2.55;2.55;5350808;0
08.04.2026;10:18;2.56;2.56;2.55;2.55;2.55;30804060;0
08.04.2026;10:19;2.55;2.56;2.55;2.55;2.55;536845;0
08.04.2026;10:20;2.56;2.56;2.55;2.55;2.55;2025919;0
08.04.2026;10:21;2.55;2.55;2.55;2.55;2.55;211650;0
08.04.2026;10:22;2.56;2.56;2.55;2.55;2.55;40040256;0
08.04.2026;10:23;2.56;2.56;2.54;2.54;2.55;7944830;0
08.04.2026;10:24;2.54;2.55;2.54;2.55;2.54;2828791;0
08.04.2026;10:25;2.55;2.55;2.54;2.55;2.54;2744052;0
08.04.2026;10:26;2.55;2.55;2.54;2.55;2.54;13094240;0
08.04.2026;10:27;2.54;2.55;2.54;2.54;2.54;470578;0
08.04.2026;10:28;2.55;2.55;2.54;2.55;2.54;2383122;0
08.04.2026;10:29;2.54;2.55;2.54;2.55;2.54;1327578;0
08.04.2026;10:30;2.55;2.55;2.54;2.54;2.54;17146232;0
08.04.2026;10:31;2.54;2.54;2.54;2.54;2.54;1344168;0
08.04.2026;10:32;2.54;2.56;2.54;2.55;2.55;35384200;0
08.04.2026;10:33;2.55;2.56;2.55;2.55;2.55;41276184;0
08.04.2026;10:34;2.55;2.56;2.55;2.55;2.55;486651;0
08.04.2026;10:35;2.56;2.56;2.55;2.55;2.55;264926;0
08.04.2026;10:36;2.56;2.56;2.55;2.56;2.55;399173;0
08.04.2026;10:37;2.56;2.56;2.55;2.56;2.55;1159331;0
08.04.2026;10:38;2.55;2.56;2.55;2.56;2.55;1585124;0
08.04.2026;10:39;2.56;2.57;2.55;2.56;2.56;17701042;0
08.04.2026;10:40;2.55;2.56;2.55;2.55;2.55;501827;0
08.04.2026;10:41;2.55;2.56;2.55;2.56;2.55;6733545;0
08.04.2026;10:42;2.56;2.56;2.55;2.55;2.55;10170941;0
08.04.2026;10:43;2.55;2.55;2.54;2.54;2.54;6866115;0
08.04.2026;10:44;2.54;2.56;2.54;2.56;2.55;835157;0
08.04.2026;10:45;2.56;2.56;2.54;2.54;2.55;7827208;0
08.04.2026;10:46;2.55;2.55;2.54;2.55;2.54;871327;0
08.04.2026;10:47;2.55;2.55;2.54;2.55;2.54;4280478;0
08.04.2026;10:48;2.55;2.56;2.55;2.56;2.55;457243;0
08.04.2026;10:49;2.56;2.56;2.55;2.55;2.55;941730;0
08.04.2026;10:50;2.55;2.56;2.55;2.56;2.55;1212011;0
08.04.2026;10:51;2.55;2.56;2.55;2.56;2.55;303072;0
08.04.2026;10:52;2.55;2.56;2.55;2.56;2.55;1612763;0
08.04.2026;10:53;2.55;2.56;2.55;2.55;2.55;658115;0
08.04.2026;10:54;2.56;2.56;2.55;2.55;2.55;669867;0
08.04.2026;10:55;2.55;2.56;2.54;2.54;2.55;8961714;0
08.04.2026;10:56;2.54;2.55;2.54;2.54;2.54;985881;0
08.04.2026;10:57;2.54;2.55;2.54;2.54;2.54;2991533;0
08.04.2026;10:58;2.55;2.55;2.55;2.55;2.55;6630;0
08.04.2026;10:59;2.54;2.55;2.54;2.55;2.54;8705165;0
08.04.2026;11:00;2.55;2.56;2.55;2.55;2.55;540190;0
08.04.2026;11:01;2.55;2.56;2.55;2.55;2.55;337899;0
08.04.2026;11:02;2.56;2.56;2.54;2.54;2.55;12757635;0
08.04.2026;11:03;2.54;2.54;2.53;2.54;2.53;1338586;0
08.04.2026;11:04;2.54;2.54;2.52;2.53;2.53;11203862;0
08.04.2026;11:05;2.53;2.53;2.52;2.53;2.52;4726853;0
08.04.2026;11:06;2.53;2.54;2.53;2.54;2.53;443684;0
08.04.2026;11:07;2.53;2.54;2.53;2.54;2.53;394753;0
08.04.2026;11:08;2.53;2.54;2.53;2.54;2.53;613901;0
08.04.2026;11:09;2.54;2.54;2.53;2.53;2.53;3222705;0
08.04.2026;11:10;2.53;2.54;2.53;2.54;2.53;755796;0
08.04.2026;11:11;2.53;2.54;2.53;2.54;2.53;136442;0
08.04.2026;11:12;2.54;2.54;2.54;2.54;2.54;555752;0
08.04.2026;11:13;2.54;2.54;2.54;2.54;2.54;7978140;0
08.04.2026;11:14;2.55;2.55;2.55;2.55;2.55;245565;0
08.04.2026;11:15;2.55;2.55;2.54;2.54;2.54;127754;0
08.04.2026;11:17;2.54;2.55;2.54;2.55;2.54;162178;0
08.04.2026;11:19;2.55;2.55;2.54;2.55;2.54;1188104;0
08.04.2026;11:20;2.54;2.55;2.54;2.55;2.54;73850;0
08.04.2026;11:21;2.55;2.55;2.54;2.54;2.54;65592;0
08.04.2026;11:22;2.55;2.55;2.54;2.55;2.54;763020;0
08.04.2026;11:24;2.54;2.55;2.54;2.55;2.54;58881;0
08.04.2026;11:25;2.54;2.55;2.54;2.54;2.54;1076919;0
08.04.2026;11:26;2.55;2.55;2.54;2.55;2.54;2626860;0
08.04.2026;11:27;2.55;2.57;2.55;2.57;2.56;15604374;0
08.04.2026;11:28;2.56;2.58;2.56;2.58;2.57;43564432;0
08.04.2026;11:29;2.57;2.59;2.57;2.59;2.58;7379930;0
08.04.2026;11:30;2.58;2.59;2.57;2.59;2.58;26119624;0
08.04.2026;11:31;2.58;2.59;2.58;2.58;2.58;3160313;0
08.04.2026;11:32;2.59;2.59;2.57;2.58;2.58;12539586;0
08.04.2026;11:33;2.57;2.58;2.55;2.55;2.56;18816544;0
08.04.2026;11:34;2.55;2.56;2.55;2.55;2.55;1552333;0
08.04.2026;11:35;2.56;2.56;2.55;2.55;2.55;706045;0
08.04.2026;11:36;2.55;2.56;2.55;2.56;2.55;2979789;0
08.04.2026;11:37;2.56;2.56;2.56;2.56;2.56;1003520;0
08.04.2026;11:38;2.56;2.56;2.56;2.56;2.56;166400;0
08.04.2026;11:39;2.56;2.56;2.56;2.56;2.56;8192;0
08.04.2026;11:40;2.56;2.57;2.56;2.56;2.56;25329004;0
08.04.2026;11:41;2.56;2.57;2.56;2.56;2.56;8567608;0
08.04.2026;11:42;2.56;2.56;2.55;2.55;2.55;139509;0
08.04.2026;11:43;2.56;2.56;2.55;2.56;2.55;301046;0
08.04.2026;11:44;2.56;2.56;2.56;2.56;2.56;2850304;0
08.04.2026;11:45;2.56;2.57;2.56;2.57;2.56;4420341;0
08.04.2026;11:46;2.56;2.57;2.56;2.57;2.56;305564;0
08.04.2026;11:47;2.57;2.57;2.56;2.56;2.56;1364204;0
08.04.2026;11:48;2.57;2.57;2.56;2.56;2.56;779499;0
08.04.2026;11:49;2.57;2.57;2.57;2.57;2.57;116678;0
08.04.2026;11:50;2.57;2.57;2.56;2.57;2.56;16186;0
08.04.2026;11:51;2.57;2.57;2.57;2.57;2.57;134925;0
08.04.2026;11:52;2.56;2.57;2.56;2.57;2.56;1283;0
08.04.2026;11:53;2.57;2.57;2.56;2.56;2.56;1149189;0
08.04.2026;11:55;2.56;2.57;2.56;2.57;2.56;516262;0
08.04.2026;11:56;2.57;2.57;2.56;2.57;2.56;1065758;0
08.04.2026;11:57;2.56;2.57;2.56;2.56;2.56;1945956;0
08.04.2026;11:58;2.57;2.57;2.57;2.57;2.57;197633;0
08.04.2026;11:59;2.57;2.57;2.56;2.56;2.56;270362;0
08.04.2026;12:00;2.57;2.57;2.56;2.56;2.56;109471;0
08.04.2026;12:01;2.56;2.57;2.56;2.56;2.56;415174;0
08.04.2026;12:02;2.56;2.57;2.56;2.56;2.56;1724660;0
08.04.2026;12:03;2.56;2.57;2.56;2.56;2.56;85704;0
08.04.2026;12:06;2.57;2.57;2.56;2.56;2.56;56790;0
08.04.2026;12:07;2.56;2.57;2.56;2.56;2.56;540395;0
08.04.2026;12:08;2.56;2.57;2.56;2.56;2.56;236636;0
08.04.2026;12:09;2.57;2.57;2.56;2.57;2.56;1722146;0
08.04.2026;12:10;2.56;2.57;2.56;2.56;2.56;780247;0
08.04.2026;12:11;2.57;2.57;2.57;2.57;2.57;1423009;0
08.04.2026;12:12;2.57;2.57;2.57;2.57;2.57;1556392;0
08.04.2026;12:13;2.57;2.57;2.56;2.56;2.56;2148480;0
08.04.2026;12:14;2.57;2.57;2.56;2.56;2.56;320883;0
08.04.2026;12:15;2.56;2.57;2.56;2.57;2.56;596426;0
08.04.2026;12:16;2.56;2.57;2.56;2.56;2.56;385859;0
08.04.2026;12:17;2.56;2.57;2.56;2.57;2.56;36355;0
08.04.2026;12:18;2.57;2.57;2.56;2.57;2.56;240141;0
08.04.2026;12:19;2.57;2.57;2.57;2.57;2.57;631706;0
08.04.2026;12:20;2.57;2.57;2.56;2.57;2.56;246777;0
08.04.2026;12:21;2.57;2.57;2.57;2.57;2.57;142892;0
08.04.2026;12:22;2.56;2.57;2.56;2.57;2.56;2695172;0
08.04.2026;12:23;2.57;2.57;2.56;2.57;2.56;710606;0
08.04.2026;12:24;2.57;2.57;2.57;2.57;2.57;125416;0
08.04.2026;12:25;2.57;2.57;2.56;2.57;2.56;607562;0
08.04.2026;12:26;2.57;2.57;2.56;2.57;2.56;158035;0
08.04.2026;12:27;2.57;2.57;2.57;2.57;2.57;361856;0
08.04.2026;12:28;2.56;2.57;2.56;2.57;2.56;121017;0
08.04.2026;12:29;2.57;2.57;2.57;2.57;2.57;10168205;0
08.04.2026;12:30;2.58;2.58;2.57;2.57;2.57;51916;0
08.04.2026;12:31;2.58;2.58;2.57;2.57;2.57;6929955;0
08.04.2026;12:32;2.57;2.58;2.57;2.58;2.57;9860131;0
08.04.2026;12:33;2.58;2.58;2.58;2.58;2.58;521676;0
08.04.2026;12:34;2.57;2.58;2.57;2.58;2.57;305365;0
08.04.2026;12:35;2.57;2.58;2.57;2.58;2.57;183597;0
08.04.2026;12:36;2.58;2.58;2.57;2.57;2.57;32652942;0
08.04.2026;12:37;2.57;2.57;2.56;2.57;2.56;487519;0
08.04.2026;12:38;2.56;2.57;2.56;2.57;2.56;951969;0
08.04.2026;12:39;2.56;2.57;2.56;2.56;2.56;503548;0
08.04.2026;12:40;2.57;2.57;2.56;2.56;2.56;888053;0
08.04.2026;12:41;2.57;2.57;2.56;2.57;2.56;5612380;0
08.04.2026;12:42;2.57;2.57;2.57;2.57;2.57;3855;0
08.04.2026;12:43;2.56;2.57;2.56;2.57;2.56;391368;0
08.04.2026;12:44;2.57;2.57;2.57;2.57;2.57;128500;0
08.04.2026;12:46;2.57;2.57;2.56;2.56;2.56;80885;0
08.04.2026;12:47;2.56;2.57;2.56;2.57;2.56;10260;0
08.04.2026;12:49;2.57;2.57;2.57;2.57;2.57;8995;0
08.04.2026;12:50;2.57;2.57;2.56;2.56;2.56;90127;0
08.04.2026;12:51;2.57;2.57;2.57;2.57;2.57;791817;0
08.04.2026;12:52;2.57;2.57;2.57;2.57;2.57;6425;0
08.04.2026;12:53;2.56;2.57;2.56;2.57;2.56;199896;0
08.04.2026;12:54;2.56;2.56;2.56;2.56;2.56;20416512;0
08.04.2026;12:55;2.55;2.56;2.55;2.56;2.55;7103820;0
08.04.2026;12:56;2.55;2.56;2.55;2.56;2.55;1582953;0
08.04.2026;12:57;2.56;2.56;2.56;2.56;2.56;57600;0
08.04.2026;12:58;2.56;2.56;2.55;2.55;2.55;110002;0
08.04.2026;12:59;2.56;2.57;2.56;2.57;2.56;21193540;0
08.04.2026;13:00;2.56;2.56;2.56;2.56;2.56;2560;0
08.04.2026;13:01;2.56;2.56;2.56;2.56;2.56;108800;0
08.04.2026;13:02;2.56;2.56;2.56;2.56;2.56;25600;0
08.04.2026;13:03;2.56;2.56;2.56;2.56;2.56;8960;0
08.04.2026;13:05;2.56;2.57;2.56;2.57;2.56;38500;0
08.04.2026;13:10;2.56;2.56;2.56;2.56;2.56;256;0
08.04.2026;13:11;2.56;2.56;2.56;2.56;2.56;49664;0
08.04.2026;13:12;2.56;2.56;2.56;2.56;2.56;12800;0
08.04.2026;13:13;2.57;2.57;2.56;2.57;2.56;33874;0
08.04.2026;13:14;2.57;2.57;2.57;2.57;2.57;1028;0
08.04.2026;13:16;2.57;2.57;2.57;2.57;2.57;381131;0
08.04.2026;13:17;2.57;2.57;2.57;2.57;2.57;306344;0
08.04.2026;13:18;2.57;2.57;2.57;2.57;2.57;40606;0
08.04.2026;13:19;2.57;2.57;2.57;2.57;2.57;12850;0
08.04.2026;13:20;2.56;2.57;2.56;2.57;2.56;154306;0
08.04.2026;13:21;2.57;2.57;2.57;2.57;2.57;128500;0
08.04.2026;13:22;2.56;2.56;2.56;2.56;2.56;1484800;0
08.04.2026;13:23;2.56;2.56;2.56;2.56;2.56;230400;0
08.04.2026;13:24;2.56;2.56;2.56;2.56;2.56;51200;0
08.04.2026;13:26;2.56;2.57;2.56;2.56;2.56;81164;0
08.04.2026;13:28;2.57;2.57;2.56;2.56;2.56;1537;0
08.04.2026;13:29;2.56;2.57;2.56;2.57;2.56;120390;0
08.04.2026;13:30;2.57;2.57;2.57;2.57;2.57;10537;0
08.04.2026;13:31;2.57;2.57;2.57;2.57;2.57;514;0
08.04.2026;13:32;2.56;2.56;2.56;2.56;2.56;158464;0
08.04.2026;13:34;2.56;2.56;2.56;2.56;2.56;256;0
08.04.2026;13:39;2.56;2.56;2.56;2.56;2.56;384000;0
08.04.2026;13:40;2.57;2.57;2.57;2.57;2.57;3855;0
08.04.2026;13:41;2.57;2.57;2.56;2.56;2.56;601179;0
08.04.2026;13:42;2.56;2.56;2.56;2.56;2.56;432640;0
08.04.2026;13:43;2.57;2.57;2.56;2.56;2.56;455910;0
08.04.2026;13:44;2.57;2.57;2.56;2.57;2.56;604515;0
08.04.2026;13:45;2.57;2.57;2.56;2.56;2.56;76069;0
08.04.2026;13:46;2.57;2.57;2.57;2.57;2.57;268565;0
08.04.2026;13:47;2.57;2.57;2.56;2.57;2.56;751380;0
08.04.2026;13:48;2.57;2.57;2.57;2.57;2.57;618342;0
08.04.2026;13:49;2.57;2.57;2.56;2.57;2.56;834535;0
08.04.2026;13:50;2.57;2.57;2.56;2.56;2.56;48563;0
08.04.2026;13:51;2.56;2.56;2.56;2.56;2.56;529152;0
08.04.2026;13:52;2.56;2.56;2.56;2.56;2.56;29687808;0
08.04.2026;13:53;2.56;2.56;2.56;2.56;2.56;1787136;0
08.04.2026;13:54;2.57;2.57;2.57;2.57;2.57;5140;0
08.04.2026;13:55;2.57;2.57;2.56;2.57;2.56;8024426;0
08.04.2026;13:56;2.57;2.57;2.56;2.56;2.56;783874;0
08.04.2026;13:57;2.57;2.57;2.56;2.56;2.56;3527208;0
08.04.2026;13:58;2.56;2.56;2.55;2.56;2.55;10304292;0
08.04.2026;13:59;2.56;2.56;2.55;2.55;2.55;448520;0
08.04.2026;14:00;2.56;2.56;2.56;2.56;2.56;75776;0
08.04.2026;14:01;2.56;2.56;2.56;2.56;2.56;51200;0
08.04.2026;14:03;2.56;2.56;2.56;2.56;2.56;335872;0
08.04.2026;14:04;2.56;2.56;2.56;2.56;2.56;153856;0
08.04.2026;14:05;2.56;2.56;2.56;2.56;2.56;92672;0
08.04.2026;14:06;2.56;2.56;2.55;2.56;2.55;802885;0
08.04.2026;14:07;2.56;2.56;2.55;2.55;2.55;541860;0
08.04.2026;14:08;2.56;2.56;2.55;2.56;2.55;2905260;0
08.04.2026;14:09;2.56;2.56;2.55;2.55;2.55;173068;0
08.04.2026;14:10;2.56;2.56;2.56;2.56;2.56;9822208;0
08.04.2026;14:11;2.56;2.56;2.56;2.56;2.56;2897920;0
08.04.2026;14:12;2.56;2.56;2.56;2.56;2.56;2560;0
08.04.2026;14:13;2.56;2.56;2.56;2.56;2.56;256;0
08.04.2026;14:15;2.56;2.56;2.56;2.56;2.56;3832832;0
08.04.2026;14:16;2.57;2.57;2.57;2.57;2.57;1076316;0
08.04.2026;14:17;2.57;2.57;2.57;2.57;2.57;211511;0
08.04.2026;14:18;2.57;2.57;2.57;2.57;2.57;137752;0
08.04.2026;14:19;2.56;2.57;2.56;2.57;2.56;731966;0
08.04.2026;14:20;2.57;2.57;2.56;2.56;2.56;162952;0
08.04.2026;14:22;2.57;2.57;2.57;2.57;2.57;186068;0
08.04.2026;14:23;2.57;2.57;2.57;2.57;2.57;257000;0
08.04.2026;14:24;2.57;2.57;2.57;2.57;2.57;257000;0
08.04.2026;14:25;2.56;2.57;2.56;2.56;2.56;1740382;0
08.04.2026;14:26;2.57;2.57;2.56;2.56;2.56;48643;0
08.04.2026;14:28;2.56;2.56;2.56;2.56;2.56;1576960;0
08.04.2026;14:29;2.56;2.57;2.56;2.57;2.56;650023;0
08.04.2026;14:30;2.56;2.57;2.56;2.57;2.56;3919512;0
08.04.2026;14:31;2.56;2.56;2.56;2.56;2.56;256000;0
08.04.2026;14:32;2.56;2.56;2.56;2.56;2.56;13056;0
08.04.2026;14:33;2.56;2.56;2.56;2.56;2.56;37888;0
08.04.2026;14:34;2.56;2.57;2.56;2.56;2.56;140801;0
08.04.2026;14:35;2.56;2.56;2.56;2.56;2.56;120064;0
08.04.2026;14:36;2.56;2.56;2.56;2.56;2.56;120064;0
08.04.2026;14:37;2.56;2.56;2.56;2.56;2.56;312064;0
08.04.2026;14:38;2.56;2.56;2.56;2.56;2.56;84992;0
08.04.2026;14:39;2.56;2.56;2.56;2.56;2.56;1792;0
08.04.2026;14:41;2.56;2.57;2.56;2.57;2.56;2826;0
08.04.2026;14:42;2.56;2.57;2.56;2.57;2.56;17940;0
08.04.2026;14:43;2.57;2.57;2.56;2.57;2.56;256950;0
08.04.2026;14:44;2.57;2.57;2.56;2.56;2.56;132651;0
08.04.2026;14:48;2.57;2.57;2.57;2.57;2.57;7967;0
08.04.2026;14:49;2.57;2.57;2.56;2.57;2.56;1541;0
08.04.2026;14:50;2.57;2.57;2.57;2.57;2.57;257;0
08.04.2026;14:53;2.57;2.57;2.57;2.57;2.57;12850;0
08.04.2026;14:54;2.57;2.57;2.57;2.57;2.57;1285;0
08.04.2026;14:58;2.56;2.56;2.56;2.56;2.56;256;0
08.04.2026;14:59;2.56;2.57;2.56;2.57;2.56;1310840;0
08.04.2026;15:01;2.56;2.56;2.56;2.56;2.56;28160;0
08.04.2026;15:02;2.57;2.57;2.57;2.57;2.57;4369;0
08.04.2026;15:03;2.57;2.57;2.56;2.56;2.56;71959;0
08.04.2026;15:04;2.56;2.57;2.56;2.57;2.56;62417;0
08.04.2026;15:05;2.57;2.57;2.56;2.57;2.56;420699;0
08.04.2026;15:06;2.57;2.57;2.57;2.57;2.57;17990;0
08.04.2026;15:07;2.57;2.57;2.57;2.57;2.57;601380;0
08.04.2026;15:08;2.57;2.57;2.57;2.57;2.57;795929;0
08.04.2026;15:09;2.57;2.57;2.56;2.56;2.56;525621;0
08.04.2026;15:11;2.57;2.57;2.57;2.57;2.57;2864779;0
08.04.2026;15:12;2.57;2.57;2.56;2.57;2.56;1670756;0
08.04.2026;15:14;2.56;2.56;2.56;2.56;2.56;512;0
08.04.2026;15:15;2.57;2.57;2.57;2.57;2.57;3084;0
08.04.2026;15:16;2.57;2.57;2.56;2.56;2.56;7937;0
08.04.2026;15:17;2.57;2.57;2.57;2.57;2.57;12850;0
08.04.2026;15:19;2.57;2.57;2.57;2.57;2.57;32125;0
08.04.2026;15:20;2.56;2.57;2.56;2.57;2.56;740938;0
08.04.2026;15:21;2.57;2.57;2.57;2.57;2.57;77871;0
08.04.2026;15:22;2.56;2.57;2.56;2.56;2.56;452108;0
08.04.2026;15:23;2.56;2.57;2.56;2.56;2.56;124154;0
08.04.2026;15:24;2.57;2.57;2.57;2.57;2.57;514;0
08.04.2026;15:25;2.57;2.57;2.56;2.56;2.56;770527;0
08.04.2026;15:26;2.57;2.57;2.56;2.56;2.56;370951;0
08.04.2026;15:27;2.56;2.56;2.56;2.56;2.56;92672;0
08.04.2026;15:28;2.57;2.57;2.56;2.57;2.56;60038;0
08.04.2026;15:29;2.56;2.57;2.56;2.57;2.56;1283;0
08.04.2026;15:30;2.56;2.57;2.56;2.56;2.56;766982;0
08.04.2026;15:31;2.56;2.57;2.56;2.57;2.56;95237;0
08.04.2026;15:32;2.57;2.57;2.57;2.57;2.57;51400;0
08.04.2026;15:34;2.57;2.57;2.56;2.56;2.56;86628;0
08.04.2026;15:35;2.57;2.57;2.57;2.57;2.57;28527;0
08.04.2026;15:36;2.57;2.57;2.57;2.57;2.57;286041;0
08.04.2026;15:37;2.57;2.57;2.56;2.57;2.56;1287565;0
08.04.2026;15:38;2.57;2.57;2.57;2.57;2.57;38550;0
08.04.2026;15:39;2.56;2.56;2.56;2.56;2.56;40960;0
08.04.2026;15:40;2.56;2.57;2.56;2.57;2.56;13854;0
08.04.2026;15:41;2.56;2.57;2.56;2.57;2.56;3386510;0
08.04.2026;15:42;2.57;2.57;2.56;2.56;2.56;12828270;0
08.04.2026;15:44;2.57;2.57;2.57;2.57;2.57;1285;0
08.04.2026;15:47;2.57;2.57;2.57;2.57;2.57;771;0
08.04.2026;15:48;2.57;2.57;2.56;2.56;2.56;14898;0
08.04.2026;15:49;2.56;2.56;2.56;2.56;2.56;3328;0
08.04.2026;15:50;2.57;2.57;2.57;2.57;2.57;33667;0
08.04.2026;15:51;2.57;2.57;2.57;2.57;2.57;25700;0
08.04.2026;15:52;2.57;2.57;2.57;2.57;2.57;25700;0
08.04.2026;15:53;2.56;2.56;2.56;2.56;2.56;43776;0
08.04.2026;15:54;2.57;2.57;2.57;2.57;2.57;308400;0
08.04.2026;15:55;2.57;2.57;2.57;2.57;2.57;515542;0
08.04.2026;15:56;2.57;2.57;2.57;2.57;2.57;514000;0
08.04.2026;15:57;2.56;2.56;2.56;2.56;2.56;768;0
08.04.2026;15:58;2.57;2.57;2.56;2.56;2.56;180116;0
08.04.2026;16:00;2.57;2.57;2.56;2.56;2.56;28162;0
08.04.2026;16:01;2.56;2.57;2.56;2.56;2.56;52484;0
08.04.2026;16:02;2.56;2.56;2.56;2.56;2.56;1664000;0
08.04.2026;16:03;2.57;2.57;2.57;2.57;2.57;629650;0
08.04.2026;16:04;2.57;2.57;2.57;2.57;2.57;51400;0
08.04.2026;16:05;2.57;2.57;2.56;2.57;2.56;4660660;0
08.04.2026;16:06;2.57;2.57;2.56;2.57;2.56;3595;0
08.04.2026;16:07;2.57;2.57;2.56;2.56;2.56;88067;0
08.04.2026;16:08;2.57;2.57;2.57;2.57;2.57;342067;0
08.04.2026;16:09;2.57;2.57;2.57;2.57;2.57;35209;0
08.04.2026;16:10;2.57;2.57;2.56;2.56;2.56;560476;0
08.04.2026;16:11;2.56;2.56;2.56;2.56;2.56;295936;0
08.04.2026;16:12;2.57;2.57;2.56;2.56;2.56;1510657;0
08.04.2026;16:13;2.57;2.57;2.57;2.57;2.57;1310957;0
08.04.2026;16:14;2.57;2.57;2.56;2.57;2.56;1772432;0
08.04.2026;16:15;2.57;2.57;2.56;2.57;2.56;1304531;0
08.04.2026;16:16;2.57;2.57;2.57;2.57;2.57;1879184;0
08.04.2026;16:17;2.57;2.57;2.56;2.57;2.56;1604608;0
08.04.2026;16:18;2.57;2.57;2.57;2.57;2.57;365454;0
08.04.2026;16:19;2.57;2.57;2.56;2.57;2.56;5223113;0
08.04.2026;16:20;2.57;2.57;2.56;2.57;2.56;2893048;0
08.04.2026;16:21;2.57;2.57;2.57;2.57;2.57;3013582;0
08.04.2026;16:22;2.57;2.57;2.57;2.57;2.57;606777;0
08.04.2026;16:23;2.57;2.57;2.57;2.57;2.57;4236645;0
08.04.2026;16:24;2.57;2.57;2.57;2.57;2.57;715231;0
08.04.2026;16:25;2.57;2.57;2.57;2.57;2.57;378561;0
08.04.2026;16:26;2.57;2.57;2.57;2.57;2.57;10990605;0
08.04.2026;16:27;2.57;2.57;2.56;2.57;2.56;546895;0
08.04.2026;16:28;2.57;2.57;2.56;2.57;2.56;390440;0
08.04.2026;16:29;2.57;2.57;2.57;2.57;2.57;339240;0
08.04.2026;16:30;2.57;2.57;2.56;2.57;2.56;876626;0
08.04.2026;16:31;2.57;2.57;2.57;2.57;2.57;340525;0
08.04.2026;16:32;2.57;2.57;2.56;2.57;2.56;397829;0
08.04.2026;16:33;2.57;2.57;2.56;2.57;2.56;342323;0
08.04.2026;16:34;2.57;2.57;2.57;2.57;2.57;381645;0
08.04.2026;16:35;2.57;2.57;2.57;2.57;2.57;1653795;0
08.04.2026;16:36;2.57;2.57;2.57;2.57;2.57;340011;0
08.04.2026;16:37;2.57;2.57;2.56;2.57;2.56;346172;0
08.04.2026;16:38;2.57;2.57;2.56;2.57;2.56;221019;0
08.04.2026;16:39;2.57;2.57;2.57;2.57;2.57;1285;0
08.04.2026;16:40;2.57;2.57;2.57;2.57;2.57;2570;0
08.04.2026;16:41;2.57;2.57;2.57;2.57;2.57;8247387;0
08.04.2026;16:42;2.57;2.58;2.57;2.58;2.57;10879278;0
08.04.2026;16:43;2.58;2.58;2.58;2.58;2.58;1563996;0
08.04.2026;16:44;2.58;2.58;2.58;2.58;2.58;1562448;0
08.04.2026;16:45;2.57;2.58;2.57;2.58;2.57;886692;0
08.04.2026;16:46;2.58;2.58;2.57;2.58;2.57;868324;0
08.04.2026;16:47;2.58;2.58;2.58;2.58;2.58;50568;0
08.04.2026;16:48;2.58;2.58;2.58;2.58;2.58;697374;0
08.04.2026;16:49;2.58;2.58;2.58;2.58;2.58;20640;0
08.04.2026;16:50;2.58;2.58;2.58;2.58;2.58;2638308;0
08.04.2026;16:51;2.58;2.58;2.57;2.58;2.57;80683;0
08.04.2026;16:52;2.58;2.58;2.57;2.58;2.57;17624812;0
08.04.2026;16:53;2.58;2.58;2.58;2.58;2.58;319920;0
08.04.2026;16:54;2.58;2.59;2.58;2.59;2.58;8916484;0
08.04.2026;16:55;2.59;2.59;2.58;2.58;2.58;5809452;0
08.04.2026;16:56;2.58;2.58;2.58;2.58;2.58;25800;0
08.04.2026;16:57;2.59;2.59;2.58;2.58;2.58;213217;0
08.04.2026;16:58;2.58;2.58;2.58;2.58;2.58;21508170;0
08.04.2026;16:59;2.58;2.58;2.58;2.58;2.58;322500;0
08.04.2026;17:00;2.58;2.58;2.57;2.57;2.57;7730;0
08.04.2026;17:01;2.57;2.58;2.57;2.58;2.57;276252;0
08.04.2026;17:02;2.58;2.58;2.58;2.58;2.58;141900;0
08.04.2026;17:03;2.57;2.57;2.57;2.57;2.57;10280;0
08.04.2026;17:04;2.58;2.58;2.57;2.57;2.57;102900;0
08.04.2026;17:05;2.57;2.58;2.57;2.57;2.57;12603033;0
08.04.2026;17:06;2.56;2.56;2.56;2.56;2.56;15872;0
08.04.2026;17:07;2.56;2.57;2.56;2.57;2.56;7570156;0
08.04.2026;17:08;2.57;2.57;2.57;2.57;2.57;7317818;0
08.04.2026;17:09;2.58;2.58;2.58;2.58;2.58;1034322;0
08.04.2026;17:10;2.58;2.58;2.57;2.57;2.57;424200;0
08.04.2026;17:11;2.58;2.58;2.57;2.57;2.57;515;0
08.04.2026;17:12;2.58;2.58;2.58;2.58;2.58;3225516;0
08.04.2026;17:13;2.58;2.58;2.57;2.58;2.57;232695;0
08.04.2026;17:14;2.58;2.58;2.57;2.58;2.57;524320;0
08.04.2026;17:15;2.58;2.58;2.57;2.57;2.57;188140;0
08.04.2026;17:16;2.58;2.58;2.57;2.57;2.57;90357;0
08.04.2026;17:17;2.57;2.57;2.57;2.57;2.57;1028;0
08.04.2026;17:18;2.57;2.58;2.57;2.58;2.57;398916;0
08.04.2026;17:21;2.58;2.58;2.57;2.57;2.57;848302;0
08.04.2026;17:22;2.58;2.58;2.58;2.58;2.58;134160;0
08.04.2026;17:23;2.58;2.58;2.56;2.56;2.57;17868100;0
08.04.2026;17:24;2.56;2.57;2.56;2.57;2.56;270179;0
08.04.2026;17:25;2.56;2.56;2.56;2.56;2.56;26880;0
08.04.2026;17:26;2.56;2.57;2.56;2.57;2.56;1110197;0
08.04.2026;17:27;2.57;2.57;2.56;2.56;2.56;1287826;0
08.04.2026;17:28;2.56;2.57;2.56;2.57;2.56;21809;0
08.04.2026;17:29;2.57;2.57;2.56;2.56;2.56;1582326;0
08.04.2026;17:30;2.56;2.57;2.56;2.57;2.56;9006462;0
08.04.2026;17:31;2.56;2.57;2.56;2.56;2.56;253540;0
08.04.2026;17:32;2.56;2.56;2.56;2.56;2.56;833024;0
08.04.2026;17:33;2.56;2.56;2.56;2.56;2.56;1280000;0
08.04.2026;17:34;2.56;2.57;2.56;2.57;2.56;5638726;0
08.04.2026;17:35;2.57;2.57;2.55;2.55;2.56;4775600;0
08.04.2026;17:36;2.55;2.56;2.55;2.55;2.55;1741807;0
08.04.2026;17:37;2.55;2.56;2.55;2.56;2.55;731496;0
08.04.2026;17:38;2.55;2.56;2.55;2.56;2.55;2224132;0
08.04.2026;17:39;2.55;2.56;2.55;2.55;2.55;369553;0
08.04.2026;17:40;2.55;2.56;2.55;2.55;2.55;2423193;0
08.04.2026;17:41;2.55;2.56;2.55;2.56;2.55;1190665;0
08.04.2026;17:42;2.56;2.56;2.55;2.56;2.55;262891;0
08.04.2026;17:43;2.56;2.56;2.56;2.56;2.56;1383424;0
08.04.2026;17:44;2.56;2.56;2.55;2.56;2.55;643885;0
08.04.2026;17:45;2.56;2.56;2.55;2.55;2.55;3357344;0
08.04.2026;17:46;2.55;2.56;2.55;2.55;2.55;713336;0
08.04.2026;17:47;2.55;2.56;2.55;2.56;2.55;856725;0
08.04.2026;17:48;2.56;2.56;2.55;2.55;2.55;133065;0
08.04.2026;17:49;2.56;2.56;2.55;2.56;2.55;583806;0
08.04.2026;17:50;2.55;2.56;2.55;2.56;2.55;502626;0
08.04.2026;17:51;2.55;2.55;2.55;2.55;2.55;3124005;0
08.04.2026;17:52;2.55;2.56;2.55;2.55;2.55;2713015;0
08.04.2026;17:53;2.55;2.55;2.55;2.55;2.55;357000;0
08.04.2026;17:54;2.55;2.55;2.55;2.55;2.55;2587740;0
08.04.2026;17:55;2.55;2.55;2.55;2.55;2.55;4822560;0
08.04.2026;17:56;2.55;2.55;2.55;2.55;2.55;6133005;0
08.04.2026;17:57;2.56;2.56;2.55;2.55;2.55;4448291;0
08.04.2026;17:58;2.55;2.56;2.55;2.55;2.55;289176;0
08.04.2026;17:59;2.55;2.55;2.54;2.54;2.54;8274408;0
08.04.2026;18:00;2.55;2.55;2.54;2.54;2.54;1779397;0
08.04.2026;18:01;2.54;2.55;2.54;2.54;2.54;6857899;0
08.04.2026;18:02;2.55;2.55;2.54;2.54;2.54;670385;0
08.04.2026;18:03;2.55;2.55;2.54;2.55;2.54;1323355;0
08.04.2026;18:04;2.55;2.55;2.54;2.55;2.54;634087;0
08.04.2026;18:05;2.54;2.55;2.54;2.55;2.54;3330254;0
08.04.2026;18:06;2.55;2.55;2.54;2.54;2.54;240629;0
08.04.2026;18:07;2.55;2.55;2.54;2.54;2.54;357824;0
08.04.2026;18:08;2.54;2.55;2.54;2.55;2.54;3569465;0
08.04.2026;18:09;2.54;2.55;2.54;2.54;2.54;11746333;0
08.04.2026;18:10;2.54;2.54;2.53;2.53;2.53;1370317;0
08.04.2026;18:11;2.53;2.54;2.53;2.54;2.53;8117504;0
08.04.2026;18:12;2.54;2.54;2.53;2.54;2.53;476446;0
08.04.2026;18:13;2.53;2.54;2.53;2.53;2.53;4332950;0
08.04.2026;18:14;2.54;2.54;2.53;2.54;2.53;4862084;0
09.04.2026;09:30;2.54;2.54;2.54;2.54;2.54;153924;0
09.04.2026;09:35;2.54;2.54;2.53;2.53;2.53;422530;0
09.04.2026;09:36;2.54;2.54;2.53;2.53;2.53;409093;0
09.04.2026;09:37;2.53;2.54;2.53;2.54;2.53;6242396;0
09.04.2026;09:38;2.53;2.53;2.53;2.53;2.53;1265759;0
09.04.2026;09:39;2.53;2.53;2.53;2.53;2.53;444521;0
09.04.2026;09:40;2.53;2.54;2.53;2.54;2.53;166043;0
09.04.2026;09:41;2.54;2.54;2.53;2.54;2.53;90986;0
09.04.2026;09:42;2.53;2.53;2.53;2.53;2.53;4048;0
09.04.2026;09:43;2.53;2.54;2.53;2.54;2.53;203410;0
09.04.2026;09:44;2.54;2.54;2.53;2.53;2.53;380000;0
09.04.2026;09:45;2.53;2.54;2.53;2.53;2.53;666705;0
09.04.2026;09:46;2.53;2.53;2.53;2.53;2.53;2530;0
09.04.2026;09:47;2.53;2.54;2.52;2.53;2.53;4205956;0
09.04.2026;09:48;2.53;2.53;2.52;2.52;2.52;28324;0
09.04.2026;09:49;2.53;2.53;2.53;2.53;2.53;72105;0
09.04.2026;09:50;2.53;2.53;2.53;2.53;2.53;63250;0
09.04.2026;09:51;2.53;2.53;2.53;2.53;2.53;12650;0
09.04.2026;09:52;2.53;2.53;2.52;2.52;2.52;245548;0
09.04.2026;09:53;2.52;2.53;2.52;2.53;2.52;10100;0
09.04.2026;09:55;2.53;2.53;2.53;2.53;2.53;12650;0
09.04.2026;09:56;2.53;2.53;2.53;2.53;2.53;1787445;0
09.04.2026;09:57;2.53;2.53;2.53;2.53;2.53;18975;0
09.04.2026;09:58;2.53;2.54;2.53;2.54;2.53;8023053;0
09.04.2026;09:59;2.54;2.54;2.53;2.54;2.53;13438398;0
09.04.2026;10:00;2.54;2.55;2.54;2.55;2.54;50920;0
09.04.2026;10:01;2.54;2.55;2.54;2.55;2.54;975205;0
09.04.2026;10:02;2.55;2.55;2.54;2.55;2.54;1028475;0
09.04.2026;10:03;2.54;2.55;2.54;2.55;2.54;172745;0
09.04.2026;10:04;2.55;2.55;2.55;2.55;2.55;41310;0
09.04.2026;10:05;2.55;2.56;2.54;2.56;2.55;16494831;0
09.04.2026;10:06;2.55;2.56;2.55;2.56;2.55;545169;0
09.04.2026;10:07;2.55;2.55;2.55;2.55;2.55;868020;0
09.04.2026;10:08;2.55;2.56;2.55;2.55;2.55;348240;0
09.04.2026;10:09;2.55;2.55;2.55;2.55;2.55;12088785;0
09.04.2026;10:10;2.55;2.55;2.55;2.55;2.55;468180;0
09.04.2026;10:11;2.55;2.55;2.54;2.55;2.54;2882392;0
09.04.2026;10:12;2.54;2.55;2.54;2.55;2.54;386545;0
09.04.2026;10:13;2.54;2.55;2.54;2.55;2.54;181120;0
09.04.2026;10:14;2.54;2.54;2.54;2.54;2.54;125730;0
09.04.2026;10:15;2.54;2.55;2.54;2.54;2.54;1938628;0
09.04.2026;10:16;2.54;2.54;2.54;2.54;2.54;366268;0
09.04.2026;10:17;2.54;2.55;2.54;2.54;2.54;413879;0
09.04.2026;10:18;2.54;2.55;2.54;2.54;2.54;833559;0
09.04.2026;10:19;2.54;2.55;2.54;2.55;2.54;199903;0
09.04.2026;10:20;2.54;2.54;2.54;2.54;2.54;269748;0
09.04.2026;10:21;2.54;2.55;2.54;2.55;2.54;492263;0
09.04.2026;10:22;2.54;2.55;2.54;2.54;2.54;509803;0
09.04.2026;10:23;2.54;2.54;2.54;2.54;2.54;167386;0
09.04.2026;10:24;2.54;2.54;2.54;2.54;2.54;1944878;0
09.04.2026;10:25;2.54;2.55;2.54;2.54;2.54;301802;0
09.04.2026;10:26;2.54;2.54;2.53;2.54;2.53;12653514;0
09.04.2026;10:27;2.54;2.54;2.53;2.54;2.53;1059589;0
09.04.2026;10:28;2.53;2.54;2.53;2.54;2.53;481446;0
09.04.2026;10:29;2.53;2.54;2.53;2.53;2.53;9045254;0
09.04.2026;10:30;2.54;2.55;2.54;2.54;2.54;9186167;0
09.04.2026;10:31;2.54;2.54;2.53;2.53;2.53;12801630;0
09.04.2026;10:32;2.54;2.55;2.53;2.55;2.54;4288039;0
09.04.2026;10:33;2.54;2.55;2.53;2.54;2.54;5313222;0
09.04.2026;10:34;2.54;2.54;2.53;2.54;2.53;2229335;0
09.04.2026;10:35;2.54;2.55;2.53;2.55;2.54;6341908;0
09.04.2026;10:36;2.54;2.55;2.54;2.54;2.54;768358;0
09.04.2026;10:37;2.54;2.55;2.54;2.55;2.54;37856;0
09.04.2026;10:38;2.54;2.55;2.54;2.54;2.54;3977679;0
09.04.2026;10:39;2.55;2.55;2.54;2.54;2.54;1074625;0
09.04.2026;10:40;2.54;2.55;2.54;2.54;2.54;88742;0
09.04.2026;10:41;2.54;2.54;2.54;2.54;2.54;213106;0
09.04.2026;10:42;2.55;2.55;2.54;2.54;2.54;359428;0
09.04.2026;10:43;2.54;2.55;2.54;2.55;2.54;510556;0
09.04.2026;10:44;2.55;2.55;2.54;2.54;2.54;516370;0
09.04.2026;10:45;2.55;2.55;2.54;2.54;2.54;462264;0
09.04.2026;10:46;2.54;2.54;2.54;2.54;2.54;632968;0
09.04.2026;10:47;2.54;2.54;2.54;2.54;2.54;285496;0
09.04.2026;10:48;2.54;2.54;2.54;2.54;2.54;6096;0
09.04.2026;10:49;2.54;2.54;2.53;2.54;2.53;10427198;0
09.04.2026;10:50;2.54;2.54;2.54;2.54;2.54;823468;0
09.04.2026;10:51;2.54;2.54;2.54;2.54;2.54;47498;0
09.04.2026;10:52;2.53;2.54;2.53;2.54;2.53;6603;0
09.04.2026;10:53;2.53;2.53;2.53;2.53;2.53;3213606;0
09.04.2026;10:54;2.53;2.53;2.53;2.53;2.53;75900;0
09.04.2026;10:55;2.53;2.53;2.53;2.53;2.53;408848;0
09.04.2026;10:56;2.53;2.54;2.53;2.53;2.53;427824;0
09.04.2026;10:57;2.54;2.54;2.53;2.53;2.53;482846;0
09.04.2026;10:58;2.54;2.54;2.53;2.53;2.53;397564;0
09.04.2026;10:59;2.54;2.54;2.54;2.54;2.54;29464;0
09.04.2026;11:00;2.53;2.54;2.53;2.54;2.53;722284;0
09.04.2026;11:01;2.54;2.54;2.54;2.54;2.54;48260;0
09.04.2026;11:02;2.54;2.54;2.54;2.54;2.54;1578864;0
09.04.2026;11:03;2.53;2.54;2.53;2.54;2.53;156019;0
09.04.2026;11:04;2.54;2.54;2.54;2.54;2.54;47498;0
09.04.2026;11:05;2.54;2.54;2.53;2.53;2.53;225554;0
09.04.2026;11:06;2.53;2.54;2.53;2.54;2.53;125066;0
09.04.2026;11:07;2.54;2.54;2.53;2.54;2.53;160010;0
09.04.2026;11:08;2.54;2.54;2.53;2.53;2.53;187693;0
09.04.2026;11:09;2.54;2.54;2.53;2.54;2.53;5072;0
09.04.2026;11:10;2.54;2.54;2.53;2.54;2.53;47351;0
09.04.2026;11:11;2.54;2.54;2.53;2.54;2.53;8878;0
09.04.2026;11:12;2.54;2.54;2.53;2.54;2.53;2593074;0
09.04.2026;11:13;2.54;2.55;2.53;2.54;2.54;11870695;0
09.04.2026;11:14;2.54;2.55;2.54;2.55;2.54;630104;0
09.04.2026;11:15;2.54;2.54;2.54;2.54;2.54;241300;0
09.04.2026;11:16;2.54;2.54;2.54;2.54;2.54;327152;0
09.04.2026;11:17;2.54;2.55;2.53;2.54;2.54;6135441;0
09.04.2026;11:18;2.54;2.54;2.54;2.54;2.54;197866;0
09.04.2026;11:20;2.55;2.55;2.54;2.54;2.54;258810;0
09.04.2026;11:21;2.55;2.55;2.54;2.54;2.54;1016255;0
09.04.2026;11:22;2.55;2.55;2.55;2.55;2.55;12750;0
09.04.2026;11:23;2.55;2.55;2.55;2.55;2.55;25500;0
09.04.2026;11:24;2.55;2.55;2.54;2.55;2.54;17055;0
09.04.2026;11:25;2.54;2.55;2.54;2.55;2.54;53032;0
09.04.2026;11:26;2.55;2.55;2.54;2.54;2.54;13004;0
09.04.2026;11:27;2.54;2.54;2.54;2.54;2.54;63500;0
09.04.2026;11:28;2.54;2.54;2.54;2.54;2.54;533146;0
09.04.2026;11:29;2.54;2.54;2.54;2.54;2.54;43434;0
09.04.2026;11:30;2.55;2.55;2.54;2.54;2.54;244912;0
09.04.2026;11:31;2.55;2.55;2.55;2.55;2.55;309825;0
09.04.2026;11:32;2.55;2.55;2.54;2.54;2.54;44092;0
09.04.2026;11:33;2.55;2.55;2.54;2.54;2.54;40690;0
09.04.2026;11:34;2.55;2.55;2.54;2.54;2.54;5314303;0
09.04.2026;11:35;2.53;2.53;2.53;2.53;2.53;166980;0
09.04.2026;11:36;2.53;2.53;2.53;2.53;2.53;33649;0
09.04.2026;11:37;2.53;2.54;2.53;2.53;2.53;210502;0
09.04.2026;11:38;2.53;2.53;2.53;2.53;2.53;612007;0
09.04.2026;11:39;2.53;2.53;2.53;2.53;2.53;2530;0
09.04.2026;11:40;2.53;2.53;2.53;2.53;2.53;34155;0
09.04.2026;11:41;2.54;2.54;2.54;2.54;2.54;25400;0
09.04.2026;11:44;2.54;2.54;2.54;2.54;2.54;127000;0
09.04.2026;11:45;2.53;2.54;2.53;2.53;2.53;498254;0
09.04.2026;11:46;2.53;2.53;2.53;2.53;2.53;60973;0
09.04.2026;11:47;2.53;2.54;2.53;2.54;2.53;233688;0
09.04.2026;11:48;2.53;2.53;2.53;2.53;2.53;2530;0
09.04.2026;11:49;2.54;2.54;2.53;2.53;2.53;1315571;0
09.04.2026;11:50;2.53;2.53;2.53;2.53;2.53;506;0
09.04.2026;11:51;2.53;2.54;2.53;2.54;2.53;323578;0
09.04.2026;11:52;2.54;2.54;2.53;2.54;2.53;59930;0
09.04.2026;11:53;2.53;2.54;2.53;2.54;2.53;1520;0
09.04.2026;11:54;2.54;2.54;2.53;2.53;2.53;1526277;0
09.04.2026;11:55;2.54;2.54;2.53;2.54;2.53;388320;0
09.04.2026;11:56;2.54;2.54;2.53;2.54;2.53;644979;0
09.04.2026;11:57;2.54;2.54;2.53;2.53;2.53;322736;0
09.04.2026;11:58;2.53;2.54;2.53;2.54;2.53;142598;0
09.04.2026;11:59;2.54;2.54;2.53;2.53;2.53;53826;0
09.04.2026;12:00;2.53;2.54;2.53;2.53;2.53;357834;0
09.04.2026;12:01;2.53;2.54;2.53;2.53;2.53;603009;0
09.04.2026;12:02;2.53;2.53;2.53;2.53;2.53;123464;0
09.04.2026;12:03;2.53;2.53;2.53;2.53;2.53;171281;0
09.04.2026;12:04;2.53;2.54;2.53;2.53;2.53;8859;0
09.04.2026;12:05;2.53;2.54;2.53;2.53;2.53;250219;0
09.04.2026;12:06;2.54;2.54;2.54;2.54;2.54;25400;0
09.04.2026;12:07;2.54;2.54;2.54;2.54;2.54;111760;0
09.04.2026;12:08;2.53;2.54;2.53;2.54;2.53;147557;0
09.04.2026;12:09;2.54;2.54;2.53;2.53;2.53;19048;0
09.04.2026;12:10;2.54;2.54;2.53;2.53;2.53;653248;0
09.04.2026;12:12;2.54;2.54;2.53;2.54;2.53;57457;0
09.04.2026;12:13;2.54;2.54;2.54;2.54;2.54;10668;0
09.04.2026;12:14;2.53;2.53;2.53;2.53;2.53;37950;0
09.04.2026;12:15;2.53;2.54;2.53;2.54;2.53;294027;0
09.04.2026;12:16;2.53;2.53;2.53;2.53;2.53;5440006;0
09.04.2026;12:17;2.53;2.53;2.53;2.53;2.53;1083852;0
09.04.2026;12:18;2.53;2.53;2.53;2.53;2.53;1335840;0
09.04.2026;12:19;2.53;2.53;2.53;2.53;2.53;1919764;0
09.04.2026;12:20;2.53;2.54;2.52;2.53;2.53;4507344;0
09.04.2026;12:21;2.53;2.53;2.52;2.52;2.52;1282532;0
09.04.2026;12:22;2.53;2.53;2.52;2.52;2.52;22444;0
09.04.2026;12:23;2.53;2.53;2.53;2.53;2.53;171534;0
09.04.2026;12:24;2.53;2.54;2.52;2.54;2.53;11703378;0
09.04.2026;12:25;2.53;2.53;2.53;2.53;2.53;260590;0
09.04.2026;12:26;2.53;2.54;2.53;2.53;2.53;247435;0
09.04.2026;12:27;2.54;2.54;2.53;2.54;2.53;521163;0
09.04.2026;12:28;2.53;2.54;2.53;2.54;2.53;57690;0
09.04.2026;12:29;2.54;2.54;2.54;2.54;2.54;508;0
09.04.2026;12:30;2.53;2.53;2.53;2.53;2.53;821997;0
09.04.2026;12:31;2.53;2.53;2.53;2.53;2.53;146487;0
09.04.2026;12:32;2.53;2.53;2.52;2.53;2.52;6257075;0
09.04.2026;12:33;2.52;2.53;2.52;2.53;2.52;671605;0
09.04.2026;12:34;2.53;2.53;2.52;2.52;2.52;260596;0
09.04.2026;12:35;2.52;2.53;2.52;2.52;2.52;289562;0
09.04.2026;12:36;2.52;2.52;2.52;2.52;2.52;463932;0
09.04.2026;12:37;2.52;2.53;2.52;2.52;2.52;278860;0
09.04.2026;12:38;2.52;2.53;2.52;2.53;2.52;274934;0
09.04.2026;12:39;2.53;2.53;2.52;2.52;2.52;189659;0
09.04.2026;12:40;2.53;2.53;2.53;2.53;2.53;1265;0
09.04.2026;12:41;2.53;2.53;2.52;2.52;2.52;142169;0
09.04.2026;12:42;2.53;2.53;2.53;2.53;2.53;1518;0
09.04.2026;12:45;2.53;2.53;2.53;2.53;2.53;40733;0
09.04.2026;12:46;2.53;2.53;2.52;2.53;2.52;1520911;0
09.04.2026;12:47;2.52;2.52;2.52;2.52;2.52;139608;0
09.04.2026;12:48;2.52;2.52;2.52;2.52;2.52;2520;0
09.04.2026;12:49;2.53;2.53;2.53;2.53;2.53;99935;0
09.04.2026;12:50;2.53;2.53;2.52;2.53;2.52;885214;0
09.04.2026;12:52;2.53;2.53;2.53;2.53;2.53;5963716;0
09.04.2026;12:53;2.53;2.53;2.53;2.53;2.53;31372;0
09.04.2026;12:54;2.53;2.53;2.53;2.53;2.53;11385;0
09.04.2026;12:55;2.52;2.52;2.52;2.52;2.52;385560;0
09.04.2026;12:56;2.52;2.52;2.52;2.52;2.52;561204;0
09.04.2026;12:57;2.52;2.53;2.52;2.52;2.52;933140;0
09.04.2026;12:58;2.52;2.52;2.52;2.52;2.52;12600;0
09.04.2026;12:59;2.53;2.53;2.51;2.52;2.52;26719710;0
09.04.2026;13:00;2.51;2.52;2.51;2.51;2.51;12656973;0
09.04.2026;13:01;2.51;2.52;2.51;2.51;2.51;169525;0
09.04.2026;13:02;2.51;2.51;2.51;2.51;2.51;175700;0
09.04.2026;13:03;2.51;2.51;2.51;2.51;2.51;251;0
09.04.2026;13:04;2.51;2.52;2.51;2.51;2.51;3387001;0
09.04.2026;13:05;2.51;2.52;2.51;2.52;2.51;259960;0
09.04.2026;13:06;2.51;2.52;2.51;2.52;2.51;143617;0
09.04.2026;13:07;2.52;2.52;2.52;2.52;2.52;5040;0
09.04.2026;13:08;2.51;2.52;2.51;2.52;2.51;3162550;0
09.04.2026;13:09;2.51;2.52;2.51;2.52;2.51;223400;0
09.04.2026;13:10;2.52;2.52;2.52;2.52;2.52;2520;0
09.04.2026;13:11;2.51;2.51;2.51;2.51;2.51;131524;0
09.04.2026;13:13;2.52;2.52;2.52;2.52;2.52;252;0
09.04.2026;13:14;2.51;2.51;2.51;2.51;2.51;25100;0
09.04.2026;13:15;2.52;2.52;2.51;2.51;2.51;338208;0
09.04.2026;13:16;2.51;2.52;2.51;2.51;2.51;80322;0
09.04.2026;13:17;2.51;2.52;2.51;2.52;2.51;125600;0
09.04.2026;13:18;2.51;2.51;2.51;2.51;2.51;351149;0
09.04.2026;13:19;2.51;2.51;2.51;2.51;2.51;138803;0
09.04.2026;13:20;2.52;2.52;2.51;2.51;2.51;120231;0
09.04.2026;13:21;2.51;2.51;2.51;2.51;2.51;881010;0
09.04.2026;13:22;2.51;2.52;2.51;2.51;2.51;941908;0
09.04.2026;13:23;2.51;2.51;2.51;2.51;2.51;671676;0
09.04.2026;13:24;2.52;2.52;2.52;2.52;2.52;2520;0
09.04.2026;13:25;2.51;2.51;2.51;2.51;2.51;2618181;0
09.04.2026;13:26;2.51;2.51;2.51;2.51;2.51;1417397;0
09.04.2026;13:27;2.51;2.51;2.51;2.51;2.51;25100;0
09.04.2026;13:28;2.51;2.51;2.51;2.51;2.51;20080;0
09.04.2026;13:29;2.51;2.51;2.51;2.51;2.51;1928684;0
09.04.2026;13:30;2.51;2.52;2.51;2.51;2.51;231120;0
09.04.2026;13:31;2.52;2.52;2.52;2.52;2.52;252000;0
09.04.2026;13:32;2.51;2.52;2.51;2.52;2.51;257273;0
09.04.2026;13:33;2.52;2.52;2.52;2.52;2.52;128520;0
09.04.2026;13:34;2.51;2.52;2.51;2.52;2.51;143873;0
09.04.2026;13:35;2.51;2.51;2.51;2.51;2.51;15060;0
09.04.2026;13:36;2.52;2.52;2.52;2.52;2.52;30240;0
09.04.2026;13:37;2.51;2.52;2.51;2.52;2.51;181673;0
09.04.2026;13:38;2.52;2.52;2.52;2.52;2.52;50652;0
09.04.2026;13:39;2.51;2.51;2.51;2.51;2.51;958318;0
09.04.2026;13:40;2.51;2.51;2.51;2.51;2.51;6024;0
09.04.2026;13:42;2.51;2.51;2.51;2.51;2.51;5020;0
09.04.2026;13:43;2.52;2.52;2.51;2.52;2.51;132024;0
09.04.2026;13:45;2.51;2.52;2.51;2.52;2.51;1259;0
09.04.2026;13:46;2.52;2.52;2.52;2.52;2.52;504;0
09.04.2026;13:47;2.51;2.51;2.51;2.51;2.51;6024;0
09.04.2026;13:48;2.51;2.51;2.51;2.51;2.51;1257510;0
09.04.2026;13:49;2.51;2.52;2.51;2.52;2.51;1386544;0
09.04.2026;13:50;2.51;2.51;2.51;2.51;2.51;78814;0
09.04.2026;13:51;2.51;2.51;2.51;2.51;2.51;434983;0
09.04.2026;13:52;2.51;2.51;2.51;2.51;2.51;300447;0
09.04.2026;13:53;2.51;2.51;2.51;2.51;2.51;126002;0
09.04.2026;13:54;2.51;2.52;2.51;2.51;2.51;947025;0
09.04.2026;13:55;2.51;2.52;2.51;2.51;2.51;438286;0
09.04.2026;13:56;2.51;2.51;2.51;2.51;2.51;23592998;0
09.04.2026;13:57;2.51;2.51;2.50;2.50;2.50;946419;0
09.04.2026;13:59;2.50;2.50;2.50;2.50;2.50;415750;0
09.04.2026;14:00;2.51;2.51;2.50;2.51;2.50;404411;0
09.04.2026;14:01;2.50;2.51;2.50;2.51;2.50;1183254;0
09.04.2026;14:02;2.50;2.51;2.50;2.50;2.50;606751;0
09.04.2026;14:03;2.51;2.51;2.50;2.50;2.50;346653;0
09.04.2026;14:04;2.51;2.51;2.50;2.50;2.50;600251;0
09.04.2026;14:05;2.51;2.51;2.50;2.51;2.50;3018898;0
09.04.2026;14:06;2.51;2.51;2.51;2.51;2.51;716103;0
09.04.2026;14:07;2.51;2.51;2.51;2.51;2.51;150600;0
09.04.2026;14:08;2.51;2.51;2.51;2.51;2.51;12801;0
09.04.2026;14:09;2.51;2.51;2.51;2.51;2.51;5522;0
09.04.2026;14:10;2.50;2.51;2.50;2.51;2.50;25848;0
09.04.2026;14:11;2.51;2.51;2.51;2.51;2.51;170931;0
09.04.2026;14:12;2.50;2.50;2.50;2.50;2.50;3250;0
09.04.2026;14:14;2.51;2.51;2.51;2.51;2.51;2510;0
09.04.2026;14:15;2.50;2.51;2.50;2.50;2.50;2348087;0
09.04.2026;14:16;2.50;2.51;2.50;2.51;2.50;2979001;0
09.04.2026;14:17;2.51;2.51;2.51;2.51;2.51;108432;0
09.04.2026;14:18;2.51;2.51;2.51;2.51;2.51;131775;0
09.04.2026;14:19;2.51;2.51;2.50;2.50;2.50;273761;0
09.04.2026;14:20;2.51;2.51;2.51;2.51;2.51;329563;0
09.04.2026;14:22;2.51;2.51;2.51;2.51;2.51;25100;0
09.04.2026;14:23;2.51;2.51;2.51;2.51;2.51;129265;0
09.04.2026;14:24;2.51;2.51;2.51;2.51;2.51;2761;0
09.04.2026;14:25;2.50;2.50;2.50;2.50;2.50;150000;0
09.04.2026;14:26;2.51;2.51;2.51;2.51;2.51;176453;0
09.04.2026;14:27;2.51;2.51;2.50;2.50;2.50;51956;0
09.04.2026;14:28;2.51;2.51;2.51;2.51;2.51;25100;0
09.04.2026;14:31;2.50;2.50;2.50;2.50;2.50;25709500;0
09.04.2026;14:32;2.50;2.50;2.50;2.50;2.50;558750;0
09.04.2026;14:33;2.50;2.50;2.49;2.49;2.50;532458;0
09.04.2026;14:34;2.49;2.50;2.49;2.49;2.50;891037;0
09.04.2026;14:35;2.49;2.50;2.49;2.50;2.50;14735673;0
09.04.2026;14:36;2.50;2.50;2.49;2.50;2.50;9860709;0
09.04.2026;14:37;2.50;2.50;2.50;2.50;2.50;12500;0
09.04.2026;14:38;2.49;2.49;2.49;2.49;2.49;498000;0
09.04.2026;14:39;2.49;2.50;2.49;2.50;2.50;40388;0
09.04.2026;14:40;2.50;2.50;2.49;2.50;2.50;203598;0
09.04.2026;14:41;2.50;2.50;2.50;2.50;2.50;29674000;0
09.04.2026;14:42;2.50;2.51;2.50;2.51;2.50;205200;0
09.04.2026;14:43;2.51;2.51;2.50;2.50;2.50;237550;0
09.04.2026;14:44;2.51;2.51;2.51;2.51;2.51;60240;0
09.04.2026;14:45;2.50;2.51;2.50;2.51;2.50;834125;0
09.04.2026;14:46;2.51;2.51;2.51;2.51;2.51;88101;0
09.04.2026;14:47;2.50;2.51;2.50;2.51;2.50;1191373;0
09.04.2026;14:48;2.50;2.51;2.50;2.50;2.50;110786;0
09.04.2026;14:49;2.51;2.51;2.50;2.51;2.50;234292;0
09.04.2026;14:50;2.50;2.51;2.50;2.51;2.50;17258080;0
09.04.2026;14:51;2.51;2.51;2.50;2.50;2.50;84037;0
09.04.2026;14:52;2.51;2.51;2.50;2.51;2.50;737486;0
09.04.2026;14:53;2.51;2.51;2.51;2.51;2.51;401098;0
09.04.2026;14:54;2.51;2.52;2.51;2.52;2.51;35438536;0
09.04.2026;14:55;2.52;2.52;2.51;2.51;2.51;10747252;0
09.04.2026;14:56;2.50;2.51;2.50;2.51;2.50;3119681;0
09.04.2026;14:57;2.51;2.51;2.51;2.51;2.51;5508446;0
09.04.2026;14:58;2.51;2.51;2.51;2.51;2.51;631265;0
09.04.2026;14:59;2.50;2.51;2.50;2.51;2.50;87700;0
09.04.2026;15:00;2.51;2.51;2.51;2.51;2.51;5773;0
09.04.2026;15:01;2.51;2.51;2.49;2.50;2.50;23167362;0
09.04.2026;15:02;2.50;2.51;2.49;2.50;2.50;21389488;0
09.04.2026;15:03;2.49;2.50;2.49;2.50;2.50;376989;0
09.04.2026;15:04;2.50;2.50;2.50;2.50;2.50;25000;0
09.04.2026;15:05;2.50;2.50;2.50;2.50;2.50;1488000;0
09.04.2026;15:06;2.50;2.50;2.50;2.50;2.50;119000;0
09.04.2026;15:07;2.50;2.50;2.50;2.50;2.50;338000;0
09.04.2026;15:08;2.50;2.50;2.50;2.50;2.50;79000;0
09.04.2026;15:09;2.50;2.50;2.49;2.50;2.50;2261000;0
09.04.2026;15:10;2.50;2.50;2.50;2.50;2.50;1750;0
09.04.2026;15:11;2.50;2.50;2.50;2.50;2.50;37500;0
09.04.2026;15:12;2.50;2.50;2.50;2.50;2.50;250;0
09.04.2026;15:13;2.49;2.50;2.49;2.50;2.50;2063370;0
09.04.2026;15:14;2.50;2.50;2.50;2.50;2.50;15000;0
09.04.2026;15:15;2.50;2.50;2.50;2.50;2.50;250750;0
09.04.2026;15:16;2.50;2.50;2.50;2.50;2.50;5750;0
09.04.2026;15:17;2.50;2.50;2.50;2.50;2.50;5500;0
09.04.2026;15:18;2.50;2.50;2.50;2.50;2.50;5000;0
09.04.2026;15:19;2.50;2.50;2.49;2.49;2.50;142186;0
09.04.2026;15:20;2.50;2.50;2.49;2.50;2.50;206727;0
09.04.2026;15:21;2.50;2.50;2.50;2.50;2.50;29000;0
09.04.2026;15:23;2.50;2.50;2.50;2.50;2.50;25000;0
09.04.2026;15:24;2.50;2.50;2.49;2.49;2.50;176850;0
09.04.2026;15:25;2.50;2.50;2.49;2.49;2.50;355851;0
09.04.2026;15:26;2.49;2.50;2.49;2.50;2.50;76200;0
09.04.2026;15:27;2.50;2.50;2.49;2.49;2.50;130001;0
09.04.2026;15:28;2.50;2.50;2.49;2.50;2.50;3809505;0
09.04.2026;15:29;2.50;2.50;2.49;2.50;2.50;1775852;0
09.04.2026;15:30;2.50;2.50;2.49;2.50;2.50;489068;0
09.04.2026;15:31;2.49;2.49;2.49;2.49;2.49;13695;0
09.04.2026;15:32;2.50;2.50;2.50;2.50;2.50;290750;0
09.04.2026;15:33;2.50;2.50;2.50;2.50;2.50;144250;0
09.04.2026;15:34;2.50;2.50;2.49;2.50;2.50;245853;0
09.04.2026;15:35;2.49;2.49;2.49;2.49;2.49;845355;0
09.04.2026;15:36;2.50;2.50;2.50;2.50;2.50;66250;0
09.04.2026;15:37;2.49;2.50;2.49;2.50;2.50;717580;0
09.04.2026;15:38;2.50;2.50;2.50;2.50;2.50;167500;0
09.04.2026;15:39;2.50;2.50;2.50;2.50;2.50;38500;0
09.04.2026;15:40;2.50;2.50;2.49;2.49;2.50;350369;0
09.04.2026;15:41;2.50;2.50;2.50;2.50;2.50;65500;0
09.04.2026;15:42;2.50;2.50;2.49;2.50;2.50;280948;0
09.04.2026;15:43;2.49;2.50;2.49;2.50;2.50;2001071;0
09.04.2026;15:44;2.50;2.50;2.50;2.50;2.50;292750;0
09.04.2026;15:45;2.50;2.50;2.50;2.50;2.50;233500;0
09.04.2026;15:46;2.50;2.51;2.50;2.50;2.50;18160474;0
09.04.2026;15:47;2.49;2.50;2.49;2.50;2.50;633400;0
09.04.2026;15:48;2.50;2.50;2.50;2.50;2.50;209500;0
09.04.2026;15:49;2.50;2.51;2.50;2.51;2.50;2963870;0
09.04.2026;15:50;2.51;2.51;2.50;2.50;2.50;8945947;0
09.04.2026;15:51;2.50;2.50;2.50;2.50;2.50;99750;0
09.04.2026;15:52;2.50;2.50;2.49;2.50;2.50;162999;0
09.04.2026;15:53;2.50;2.50;2.50;2.50;2.50;609250;0
09.04.2026;15:54;2.50;2.50;2.50;2.50;2.50;649750;0
09.04.2026;15:55;2.50;2.50;2.50;2.50;2.50;18529000;0
09.04.2026;15:56;2.50;2.50;2.49;2.50;2.50;3207250;0
09.04.2026;15:57;2.50;2.50;2.50;2.50;2.50;3957500;0
09.04.2026;15:58;2.50;2.50;2.49;2.50;2.50;784000;0
09.04.2026;15:59;2.50;2.50;2.50;2.50;2.50;5110500;0
09.04.2026;16:00;2.50;2.50;2.50;2.50;2.50;879000;0
09.04.2026;16:01;2.50;2.50;2.49;2.50;2.50;612250;0
09.04.2026;16:02;2.50;2.51;2.50;2.51;2.50;383084;0
09.04.2026;16:03;2.51;2.51;2.51;2.51;2.51;206573;0
09.04.2026;16:04;2.51;2.51;2.50;2.50;2.50;1016130;0
09.04.2026;16:05;2.51;2.51;2.50;2.51;2.50;245225;0
09.04.2026;16:06;2.51;2.51;2.51;2.51;2.51;56475;0
09.04.2026;16:07;2.51;2.51;2.51;2.51;2.51;256773;0
09.04.2026;16:08;2.51;2.51;2.50;2.51;2.50;1410368;0
09.04.2026;16:09;2.51;2.52;2.50;2.52;2.51;12523716;0
09.04.2026;16:10;2.51;2.52;2.51;2.51;2.51;536610;0
09.04.2026;16:11;2.51;2.52;2.51;2.51;2.51;762314;0
09.04.2026;16:12;2.51;2.52;2.51;2.51;2.51;181187;0
09.04.2026;16:13;2.51;2.52;2.51;2.52;2.51;12494375;0
09.04.2026;16:14;2.53;2.53;2.52;2.53;2.52;4229078;0
09.04.2026;16:15;2.53;2.53;2.52;2.52;2.52;599353;0
09.04.2026;16:16;2.53;2.53;2.52;2.52;2.52;90314;0
09.04.2026;16:17;2.52;2.52;2.52;2.52;2.52;756;0
09.04.2026;16:18;2.52;2.53;2.52;2.52;2.52;272239;0
09.04.2026;16:19;2.52;2.52;2.52;2.52;2.52;504756;0
09.04.2026;16:20;2.53;2.53;2.52;2.53;2.52;369245;0
09.04.2026;16:21;2.53;2.53;2.52;2.53;2.52;32533;0
09.04.2026;16:22;2.52;2.52;2.52;2.52;2.52;25452;0
09.04.2026;16:23;2.52;2.52;2.52;2.52;2.52;225792;0
09.04.2026;16:24;2.52;2.53;2.52;2.53;2.52;1474412;0
09.04.2026;16:25;2.52;2.52;2.52;2.52;2.52;13104;0
09.04.2026;16:27;2.52;2.52;2.52;2.52;2.52;6300;0
09.04.2026;16:28;2.52;2.52;2.52;2.52;2.52;12600;0
09.04.2026;16:29;2.53;2.53;2.52;2.52;2.52;26816;0
09.04.2026;16:30;2.52;2.52;2.52;2.52;2.52;504;0
09.04.2026;16:32;2.52;2.52;2.52;2.52;2.52;1512;0
09.04.2026;16:33;2.52;2.53;2.52;2.52;2.52;2548328;0
09.04.2026;16:34;2.52;2.52;2.52;2.52;2.52;2520;0
09.04.2026;16:35;2.52;2.53;2.52;2.53;2.52;1478019;0
09.04.2026;16:36;2.52;2.52;2.52;2.52;2.52;7056;0
09.04.2026;16:37;2.52;2.52;2.52;2.52;2.52;756;0
09.04.2026;16:40;2.52;2.53;2.52;2.53;2.52;10100;0
09.04.2026;16:41;2.52;2.53;2.52;2.52;2.52;3103293;0
09.04.2026;16:42;2.53;2.53;2.52;2.52;2.52;27067;0
09.04.2026;16:43;2.52;2.52;2.52;2.52;2.52;1008;0
09.04.2026;16:44;2.52;2.52;2.52;2.52;2.52;693252;0
09.04.2026;16:45;2.52;2.52;2.52;2.52;2.52;50904;0
09.04.2026;16:46;2.52;2.52;2.52;2.52;2.52;252;0
09.04.2026;16:47;2.53;2.53;2.53;2.53;2.53;2530;0
09.04.2026;16:48;2.52;2.52;2.52;2.52;2.52;63252;0
09.04.2026;16:49;2.52;2.52;2.52;2.52;2.52;252;0
09.04.2026;16:50;2.52;2.53;2.52;2.53;2.52;26814;0
09.04.2026;16:51;2.52;2.52;2.52;2.52;2.52;252;0
09.04.2026;16:52;2.52;2.53;2.52;2.52;2.52;59450;0
09.04.2026;16:53;2.52;2.53;2.52;2.53;2.52;105716;0
09.04.2026;16:54;2.52;2.53;2.52;2.52;2.52;27320;0
09.04.2026;16:55;2.53;2.53;2.52;2.52;2.52;6070;0
09.04.2026;16:56;2.52;2.52;2.52;2.52;2.52;97020;0
09.04.2026;16:57;2.53;2.53;2.52;2.53;2.52;58087;0
09.04.2026;16:58;2.52;2.53;2.52;2.52;2.52;335395;0
09.04.2026;16:59;2.52;2.53;2.52;2.52;2.52;2898123;0
09.04.2026;17:00;2.53;2.53;2.52;2.52;2.52;291450;0
09.04.2026;17:01;2.52;2.53;2.52;2.53;2.52;22769;0
09.04.2026;17:02;2.52;2.52;2.52;2.52;2.52;504;0
09.04.2026;17:03;2.53;2.53;2.52;2.52;2.52;150886;0
09.04.2026;17:04;2.52;2.53;2.52;2.52;2.52;4042;0
09.04.2026;17:05;2.53;2.53;2.52;2.52;2.52;8092;0
09.04.2026;17:06;2.53;2.53;2.52;2.53;2.52;507036;0
09.04.2026;17:07;2.52;2.53;2.52;2.53;2.52;1518782;0
09.04.2026;17:08;2.53;2.53;2.53;2.53;2.53;3795;0
09.04.2026;17:09;2.52;2.53;2.52;2.53;2.52;78383;0
09.04.2026;17:10;2.53;2.53;2.52;2.52;2.52;23446;0
09.04.2026;17:11;2.52;2.52;2.52;2.52;2.52;3276;0
09.04.2026;17:12;2.52;2.52;2.52;2.52;2.52;5544;0
09.04.2026;17:13;2.53;2.53;2.52;2.52;2.52;14646;0
09.04.2026;17:14;2.52;2.53;2.52;2.53;2.52;15412;0
09.04.2026;17:16;2.52;2.52;2.51;2.51;2.51;8788312;0
09.04.2026;17:17;2.52;2.52;2.51;2.51;2.51;678168;0
09.04.2026;17:18;2.51;2.51;2.50;2.51;2.50;15534898;0
09.04.2026;17:19;2.51;2.51;2.49;2.49;2.50;13068376;0
09.04.2026;17:20;2.50;2.50;2.49;2.49;2.50;12957349;0
09.04.2026;17:21;2.49;2.49;2.48;2.49;2.49;988328;0
09.04.2026;17:22;2.49;2.49;2.48;2.49;2.49;461329;0
09.04.2026;17:23;2.49;2.49;2.48;2.49;2.49;1815575;0
09.04.2026;17:24;2.49;2.49;2.49;2.49;2.49;145167;0
09.04.2026;17:25;2.48;2.49;2.48;2.49;2.49;451826;0
09.04.2026;17:26;2.49;2.49;2.49;2.49;2.49;934248;0
09.04.2026;17:27;2.49;2.49;2.49;2.49;2.49;77688;0
09.04.2026;17:28;2.49;2.49;2.49;2.49;2.49;1342110;0
09.04.2026;17:29;2.49;2.49;2.48;2.49;2.49;43306;0
09.04.2026;17:30;2.49;2.49;2.49;2.49;2.49;9960;0
09.04.2026;17:31;2.49;2.49;2.49;2.49;2.49;371508;0
09.04.2026;17:32;2.49;2.49;2.49;2.49;2.49;747;0
09.04.2026;17:33;2.49;2.49;2.49;2.49;2.49;15832665;0
09.04.2026;17:34;2.48;2.48;2.48;2.48;2.48;307024;0
09.04.2026;17:35;2.49;2.49;2.49;2.49;2.49;431517;0
09.04.2026;17:36;2.49;2.49;2.48;2.48;2.49;7536468;0
09.04.2026;17:37;2.49;2.49;2.48;2.49;2.49;253232;0
09.04.2026;17:38;2.49;2.49;2.49;2.49;2.49;128235;0
09.04.2026;17:39;2.49;2.49;2.48;2.48;2.49;8945;0
09.04.2026;17:40;2.49;2.49;2.48;2.48;2.49;166658;0
09.04.2026;17:41;2.49;2.49;2.48;2.48;2.49;3728771;0
09.04.2026;17:42;2.49;2.49;2.49;2.49;2.49;37350;0
09.04.2026;17:43;2.49;2.49;2.48;2.49;2.49;2966895;0
09.04.2026;17:44;2.49;2.49;2.48;2.49;2.49;47011;0
09.04.2026;17:45;2.49;2.49;2.49;2.49;2.49;297555;0
09.04.2026;17:46;2.49;2.49;2.48;2.49;2.49;1566047;0
09.04.2026;17:47;2.49;2.49;2.48;2.49;2.49;976007;0
09.04.2026;17:48;2.49;2.49;2.48;2.49;2.49;30541046;0
09.04.2026;17:49;2.49;2.49;2.48;2.49;2.49;817317;0
09.04.2026;17:50;2.49;2.49;2.49;2.49;2.49;8715;0
09.04.2026;17:51;2.49;2.50;2.48;2.50;2.49;16046097;0
09.04.2026;17:52;2.49;2.50;2.49;2.49;2.50;5603245;0
09.04.2026;17:53;2.49;2.50;2.49;2.49;2.50;470447;0
09.04.2026;17:54;2.50;2.50;2.49;2.49;2.50;415246;0
09.04.2026;17:55;2.50;2.50;2.49;2.49;2.50;296191;0
09.04.2026;17:56;2.50;2.50;2.49;2.49;2.50;159246;0
09.04.2026;17:57;2.50;2.50;2.49;2.50;2.50;1479493;0
09.04.2026;17:58;2.49;2.50;2.49;2.49;2.50;723517;0
09.04.2026;17:59;2.50;2.50;2.49;2.49;2.50;197996;0
09.04.2026;18:00;2.50;2.50;2.49;2.50;2.50;278993;0
09.04.2026;18:01;2.49;2.50;2.49;2.49;2.50;37465;0
09.04.2026;18:02;2.50;2.50;2.49;2.50;2.50;20478310;0
09.04.2026;18:03;2.50;2.51;2.49;2.51;2.50;14658455;0
09.04.2026;18:04;2.50;2.51;2.50;2.51;2.50;326555;0
09.04.2026;18:05;2.50;2.51;2.50;2.51;2.50;31104;0
09.04.2026;18:06;2.50;2.51;2.50;2.51;2.50;310477;0
09.04.2026;18:07;2.50;2.51;2.50;2.51;2.50;628250;0
09.04.2026;18:08;2.51;2.51;2.50;2.50;2.50;538142;0
09.04.2026;18:09;2.50;2.51;2.50;2.50;2.50;408005;0
09.04.2026;18:10;2.50;2.51;2.50;2.50;2.50;380810;0
09.04.2026;18:11;2.50;2.51;2.50;2.50;2.50;708327;0
09.04.2026;18:12;2.50;2.51;2.50;2.51;2.50;1329266;0
09.04.2026;18:13;2.51;2.51;2.50;2.51;2.50;188754;0
09.04.2026;18:14;2.51;2.51;2.50;2.51;2.50;4880905;0
